-1.3351864
1.9878244
1.215395
-1.3384651
1.2449028
-1.5713224
1.1664324
-1.6298132
-1.5764803
-1.5276605
-0.82422626
1.6606983
-1.2408291
-0.9836821
-1.4028946
-0.4089897
0.60137206
1.5993042
-0.06279499
-1.8749336
2.2407312
-1.150497
-0.24221209
-0.5713986
-1.2445192
0.7709121
0.4492484
1.5849766
-1.4182652
-0.45093253
0.6186882
0.55074614
-0.18317689
0.40578
0.1653222
-0.6540517
0.19239905
0.26358303
-0.0754861
0.15780494
-0.08495073
0.25922915
-0.15203786
-0.41146016
-0.5262433
-0.42091894
-0.08318474
0.90572
-0.5144452
0.5484996
-0.08990309
0.03246386
-0.7982636
0.98732007
-0.22026737
-0.5798057
-0.71849054
-0.40828317
0.489634
0.4747131
0.37199673
0.8652897
0.32457635
-0.71913284
0.5427828
-0.042635653
0.22803785
0.4108544
0.46480298
0.05065118
0.14813694
0.3809011
0.1260334
0.2580394
-0.23752895
0.15016992
-0.21597415
-0.30089214
-0.1292991
0.12768577
0.21017094
0.13570274
-0.76653415
0.64808196
0.8898961
0.08428096
0.17003597
0.90022355
0.062227376
0.6450871
-0.2069157
0.5813968
-0.37738743
0.47847283
-0.3225232
1.0657231
-0.3116887
-0.12373123
1.0740283
-0.8855526
-0.2211026
-0.12397791
0.20287703
-0.71984065
-0.6987406
-0.27631503
0.25151443
-0.21459039
0.09628253
-0.27474797
-0.027562788
-0.13239516
-0.26993272
0.5677131
0.9473289
-0.026612075
-0.14247948
0.5223351
-0.39629805
-0.46513236
-0.6658442
-0.9519097
-0.2913481
-0.031044776
0.27236262
-0.72942376
0.7164546
-0.20265499
-0.26402298
0.6621495
-0.6398539
0.8752462
-0.116976626
0.8802585
-0.6196574
-0.28676462
0.99585104
-0.13616589
0.12391946
-1.0572913
1.0322678
-0.14224516
0.6310763
0.5020218
0.11479503
-0.008568415
1.0314076
-0.21785606
-0.5829922
-0.39081958
-0.055381905
-0.4376926
-1.1312038
-0.117061265
-0.3327181
-0.6727367
0.29727623
-0.49845272
0.40810362
0.018046295
0.34489274
0.47507033
-1.3364869
0.2206097
-0.09378062
-0.039090652
-0.24187945
0.5541248
1.6513817
0.30448183
-0.30060065
0.18741316
-0.0446404
0.32134604
-0.5179281
0.7732122
-0.65998906
0.486696
1.3778299
-0.27095157
-0.8968579
0.12757331
-0.58651483
-0.607766
-0.8747321
-1.310784
-0.18040596
-0.5229146
0.5956649
-0.7790742
0.80243886
-0.34646922
-0.1272805
0.16793598
-1.1696357
0.73668206
-0.06196893
-0.22797836
-0.12411148
0.69450974
0.41289756
0.15985289
-0.5967046
-0.11387727
-0.13804829
0.86904866
0.23922351
1.2352698
-0.4279344
0.50313157
-1.2875923
0.6600252
0.37544003
0.3250092
-0.98750234
0.2607106
1.1400217
0.35072774
-0.1637093
-0.25010246
0.3385241
0.71399176
-0.14684224
0.86636597
0.6169708
0.639602
-1.0984457
0.27970093
0.5856004
0.03185797
-0.16121489
0.1729931
-0.34620816
0.48623762
0.20994249
0.6481285
-0.18103263
0.6756105
-0.94607526
1.4848039
0.45927942
-0.32250643
-0.5072152
-0.1832896
0.37431058
-0.114777155
0.47789004
0.13935414
0.10560466
0.08585507
0.099678464
1.0613241
-0.35200036
-0.09980846
-0.1692738
0.4625291
-0.5472991
0.38397866
0.8826895
-0.66545475
-0.93452424
-0.2986215
0.52089626
-0.39098287
-1.3007823
-0.52317476
-0.26911247
-0.065195404
-0.2573844
-0.8850709
0.28616825
-0.10470714
-0.113578506
0.2200973
-0.7516772
0.60868573
-0.010634771
-0.26259282
-0.57263297
-0.27031326
1.3103832
0.026092667
-0.034847178
-0.57199323
0.7160066
-0.19602689
-0.11460526
1.1666166
0.41024062
0.16396327
-0.38318217
-0.256032
-0.113340884
-0.33524382
-0.09094598
-0.14926752
0.58441734
0.19406834
0.5740526
0.12701519
-0.11638122
-0.18711738
-0.043795668
0.60386527
0.30864313
-0.09517899
-1.0663916
-0.19391443
0.50151044
-0.050663523
0.537036
0.29233876
-0.41159204
0.5794411
0.30319938
0.8438627
-0.57609826
0.25999832
-0.37155825
0.7123566
-0.23440309
-0.08022262
0.19503841
-0.13553317
0.29148516
0.4709259
-0.3126953
-0.011113854
0.18598022
-0.14542341
-0.021764036
0.4107031
-0.0013548005
0.5264427
-0.3063907
0.36463252
-0.08115591
0.24827187
0.51745296
-0.034044985
-0.22947337
0.084818445
-0.0015284255
-0.028580215
-0.081112124
-0.3380592
-0.046874743
-0.05661504
0.051912855
-0.07528139
0.16782099
0.062423877
0.4466315
-0.121592894
0.22954912
0.28087962
-0.23506959
0.2607644
0.033461407
-0.340489
0.7508127
0.23900212
-0.11554532
0.17256585
0.48333004
0.14437345
-0.4518455
0.012482928
-0.31715983
-0.24490547
-0.19512968
-0.0627615
-0.09737546
0.73035794
0.46088618
0.060797896
-0.3907954
0.3911954
0.5635146
0.5435742
0.43729395
-0.15256158
0.07744185
-0.34001273
-0.22005796
0.14006394
-0.97577006
-0.57512814
0.25936234
0.20016779
-0.02965583
0.27564833
-0.71003515
-0.75223583
-0.08194962
-0.042577974
-0.30442098
-0.63815355
0.26506558
-1.6259651
0.37531346
0.41210642
0.56291467
0.15911338
-0.0026997258
0.3745234
0.14786917
0.79152155
-0.15992554
0.046338107
0.1896656
0.3834939
-0.14282416
0.13194574
-0.26368412
0.80808586
0.40071744
0.20526019
0.3146831
0.17774813
0.08510516
-0.064342715
0.1485139
0.19120729
0.69379133
0.54039764
0.46823883
0.48655486
0.62995553
-0.041587908
0.03872794
0.12945007
-0.0038853001
0.5674353
-0.35901895
0.25550783
-0.041935246
0.22033814
0.33839282
0.5676669
-0.12664565
0.088352256
0.27619064
0.17908877
-0.18257557
0.19413994
-0.12287952
-0.04627795
-0.25694385
-0.32130933
0.20218943
-0.16846511
-0.19846126
-0.10390304
0.27992195
-0.51904905
-0.26159123
0.21564074
-0.27965498
-0.12213852
0.24547838
0.20975752
-0.061362617
-1.0645854
0.60362446
0.5309704
0.6000381
-0.19721155
-0.11555119
0.13778979
0.045066275
-0.030026067
0.5838689
0.31724858
0.5139248
0.6507067
0.22163893
0.5311827
-0.49476352
0.9409867
0.30477366
0.47330934
-0.027070418
0.9080032
-0.024268297
0.19385158
0.93566364
0.28571236
0.47297627
0.81468886
0.526971
0.41153806
0.10911121
0.30252856
-0.3760224
1.4898247
0.57731533
-0.016699655
0.17778447
-0.1776035
-0.25064903
-0.10386859
-0.10820322
-0.08329341
0.5652965
0.42656192
-0.16097645
0.67835337
0.09542006
0.6372201
-0.74671817
0.8455296
-0.34585428
-0.16633005
-0.25377756
0.3695527
-0.061441265
0.005792943
-0.23292936
0.03391166
0.3091753
0.44207504
0.23876335
-0.121671245
0.07615608
0.23523054
0.009038632
0.006839688
-0.01837812
0.44246033
0.2978736
0.002083745
0.15499409
-0.2739685
-0.060630556
-0.4408554
0.69082034
0.13232656
-0.15905139
0.30378294
0.7036153
0.38099328
-0.4853544
-0.28951
-0.5114163
-0.28274888
-0.3996562
0.05581135
0.38387686
0.42593125
-0.46739426
0.47488186
-0.5031361
0.31366262
0.2571795
-0.16752572
-0.08285922
0.21541736
0.011791275
0.37577134
0.5327521
0.4899948
0.8478135
-0.0004990985
0.50110805
0.65268224
-0.022965983
0.045106404
0.8496385
0.018123206
0.22792873
0.8043084
0.77256054
0.8971077
-0.15232058
1.0344425
0.25557908
0.039682124
-0.57006127
-0.42946234
0.13781466
0.3712142
-0.5600978
0.34545633
-1.04621
-0.2984067
-0.11352028
-0.20146564
0.4622838
0.03760767
0.37930325
-0.31422976
0.11117267
0.048084464
-0.113729104
0.54783887
0.52229345
0.5555183
0.17402403
0.008697778
-0.70656323
0.45102105
0.30058545
0.53526837
0.114620045
0.36825567
-0.24568067
-0.103708215
0.016174614
0.07509592
0.111464515
0.12153215
0.0409942
0.2805548
0.012778313
0.08331239
-0.24651441
0.0006354898
0.19543333
0.14499569
0.21132584
0.17829108
-0.27329105
-0.085231856
0.006723793
-0.42324376
0.29884237
0.93966645
0.81565034
-3.265858
0.012726444
0.31992826
0.25920078
0.7157298
1.0198753
-0.43762803
0.07728435
-0.6398519
-0.18871869
1.473298
1.2350038
-2.5036044
-0.50318265
0.1309717
-0.47677052
0.96894306
0.3367216
-3.0633888
-0.4846704
0.49051496
-0.1734238
0.5623272
0.6346942
2.7792208
0.54455703
-0.22329426
-0.5999657
1.0750976
1.1107693
0.12103656
-0.29170725
0.40480024
0.24334925
0.9726087
0.5901395
-0.8195461
0.22511047
0.5430757
-0.085223325
0.7733392
0.40489945
2.395602
-0.09967079
-0.25957984
0.11100538
0.85989654
0.06143377
-2.8989546
-0.2638285
0.096127264
0.095409274
1.2458202
0.61651033
-3.0437324
0.2547954
-0.38814938
0.1358267
0.69733655
0.9159855
-1.9560238
-0.30224076
-0.026336791
-0.34556928
0.94908506
0.62453413
-0.8311738
-0.03598336
-0.28965336
-0.11054564
0.31990036
0.95319873
-2.8649552
-0.39235747
-0.24060354
-0.098080955
1.0576376
0.8875672
-2.3385246
0.2545959
0.05806145
0.06094607
-0.41683218
0.0021542988
2.4189174
0.29643238
0.12428311
-0.4160198
1.1030707
-0.101629
-3.0774608
-0.008354613
-0.10142596
-0.12088916
0.63795894
0.5689199
3.269152
