-0.28805795
-0.9590588
0.11161514
-0.16300759
-0.3537628
0.06262953
-0.3212666
0.47955778
-0.2903781
-0.16588745
-0.40202346
-0.073147185
-0.24490581
-0.24569021
-0.2418055
-0.4790469
2.106406
-7.1768665
0.31646696
3.1603744
-1.5015943
-0.45650104
-3.0856633
-2.774215
-2.3036993
-1.459717
2.9256895
-1.3008584
1.7575482
-1.4307972
-1.442986
-2.578741
0.03503443
-0.074766636
-2.0116332
-0.98466724
-1.5389457
-0.9710451
0.7173682
-3.563073
0.14389654
-0.02393599
0.14347073
0.3491442
0.033479642
-0.15747933
-0.060376942
0.13244858
-5.4964457
-1.9147445
-2.5366993
-2.7441041
-3.6375954
-4.4859977
-2.1632369
0.051273998
-5.1923203
-6.3319592
-2.7144182
-6.688406
-8.168502
-4.726267
-7.2969127
-2.7136986
2.2313724
-0.40092543
-1.1422598
-0.5349768
-1.1684755
-0.33864215
2.7638676
0.40437755
2.9988477
1.6096088
-1.0128931
2.4075143
1.6460499
1.6315969
2.1183236
-0.8786989
-0.3771877
-1.1953864
-1.2105979
-1.2496531
-0.5746088
-0.5876673
-0.4554591
-0.8476828
1.8692397
0.11145897
-0.98231244
0.77908355
-0.4102144
1.017375
-0.75929505
-0.9460363
-1.21184
-0.685679
-0.829284
-1.2564946
-0.525776
-0.49077708
-0.4038789
-0.7612399
0.15525092
0.080969185
-0.082300045
-0.20202088
0.34219363
0.4596573
0.37053367
-0.725653
0.0683998
-0.8323237
-0.3865265
-1.3002037
-0.4780189
-0.62818354
-1.2583321
-0.6674301
2.061932
-0.53816897
-0.5806044
-1.6183796
-0.13127393
-1.8500034
-0.61239827
-0.70497155
-0.29393253
-1.0775236
-0.59792775
-0.8293748
-0.9396853
-0.6538263
0.32946622
-1.1217425
1.4008588
-0.42257386
-1.4826981
0.8793516
-0.2063931
-0.23033781
-0.11727782
-1.2228906
0.2592376
-1.0292029
-0.8106101
-0.6960245
-1.138529
-0.78909004
-0.3291333
-0.74103117
1.2506528
0.36818215
-1.8129842
2.0765712
-0.15790503
0.05979046
0.73761183
-1.3001094
2.5198312
-1.333303
-1.4564953
-0.3887604
-0.9377011
-1.2625867
-0.48373845
-0.84986943
0.27298164
0.27684978
-1.83475
1.1893977
1.1262168
1.9941291
0.2936777
-1.15406
-0.71822894
-0.344326
-0.5624006
-1.5425639
-0.5559819
-1.1489123
0.2619826
-0.4434009
0.33572817
0.38964725
0.1594128
0.019583376
-0.97903043
1.2736226
-0.026442582
-0.3186477
1.8748627
-0.41397825
-0.42967618
-1.1732507
0.065921016
-1.0152545
1.668135
-0.65976876
5.0614233
1.4405102
-0.52066267
2.7995584
1.5286423
4.3895535
0.8754445
-0.8658363
1.1054353
-0.9788944
-0.85164565
-1.2020743
-0.6672822
-1.2727224
1.1008042
-0.508982
0.49989596
1.8131418
-0.997478
0.96381557
1.5717701
1.0782422
1.9741213
-0.8044528
2.7231014
-0.37187654
-0.4851743
-1.112825
-0.8707171
-0.061256748
2.5976727
0.28376746
2.8327396
1.613922
-1.3891388
2.7747934
2.7631845
3.2681527
2.130252
-0.032390416
1.3349932
-0.53592217
-0.80900544
-0.74330705
-0.693447
-1.2026486
0.5046765
-0.9826325
1.0896852
2.3908195
-0.84057736
0.616471
0.71553534
0.4241591
1.7001702
-0.7047033
2.837806
-1.0355036
-0.6168071
-0.49018317
-1.1324222
-0.3703818
3.984816
0.5130468
4.7543435
2.494685
-0.6840882
2.7578092
1.2041136
3.2957797
1.984214
-0.33392203
1.8089938
-0.7405214
-0.47869095
-0.6875186
-0.4730076
-0.5226356
2.0694501
-0.90827763
3.5127125
3.1948822
-0.8826813
3.2304702
1.7055479
3.0437398
1.4497191
-0.787791
1.7950963
-0.72951615
-0.88932556
-0.81676096
-0.32149887
-1.0937217
2.8467438
-1.1361185
2.914735
3.4070005
-1.0891489
3.1651933
1.5700842
3.071167
2.5222487
-0.6615434
-0.8238042
-1.1041067
-0.52975684
-0.4775097
-0.7503133
-0.7466559
-0.6376797
-0.6702254
2.1087701
0.53746873
-0.9218243
1.1488562
-0.41697365
0.9053836
-1.189525
-0.6715607
-2.4254642
-1.0425715
-0.9900185
-1.1077887
-1.1197172
-1.1811934
-4.3142633
-1.9846011
-4.7572403
-4.823205
0.5647464
-5.559835
-3.1931808
-2.9872518
-4.2230406
-0.35911757
1.7455887
-0.302303
-0.30329636
0.5477258
-0.20313312
-0.31311655
2.5032105
-0.0719448
2.233808
2.6969972
-1.5713755
2.513494
1.7157236
2.177274
2.628205
-0.7611459
0.91763645
