-0.12276441
-0.32198548
-0.53528047
-0.1835774
-0.39589584
-0.1834117
0.159666
-0.18007545
-0.16823237
-0.21932606
-0.15527482
-0.16296679
-0.16822846
-0.19287673
-0.2711417
-0.1376024
0.07616321
2.13513
-2.1299312
-0.43461773
2.6674466
1.3048846
1.2062427
-1.2276527
1.2968333
-2.9462411
-1.4703552
-2.296673
1.7585359
1.5000397
-1.7559844
0.8988578
1.0201074
0.014602034
0.7606655
2.3108377
0.4522577
0.035125248
-0.0021356433
-0.042785134
0.0156195555
-0.081114374
-0.3102371
-0.707259
-0.29591045
0.014904492
0.021745574
-0.17773974
-3.302125
-4.277438
-0.4733495
-1.2472702
-1.7168562
-5.7947774
4.7829313
-6.3656516
-5.268422
-0.8645843
-2.8516927
-1.3862262
-2.12906
-5.786364
-3.5251558
-3.9811985
0.84403646
1.4808897
-0.55183685
-0.451099
0.48424748
0.07285837
1.0463086
1.3598264
1.6262406
-0.37067863
-1.4632722
-0.24709682
-0.89712983
0.029661708
-1.0039655
-0.5058625
0.5894992
1.082526
0.38434076
-0.46941814
-3.020153
1.5757654
3.916088
-1.6133202
1.0360352
1.0228609
-0.15339309
0.5080605
-0.42057508
0.8137823
-0.23193157
-0.739572
0.65877795
-0.27392143
0.27240995
-0.5570187
0.6562413
-0.6106489
-1.6955987
1.4804735
0.15856385
-0.7530532
-1.0441679
-0.6977872
-0.81991094
-0.44240308
-1.6316135
-0.72410244
-0.19764319
0.51146567
-0.0057727215
-0.87599874
0.20837635
0.49342534
-0.16404584
0.56266207
0.23867598
-0.3140148
0.3456922
-0.16536522
-0.587956
0.1578836
-0.5225672
-0.8665087
-0.26138207
0.28309056
-0.30886415
-0.54552245
-3.9443643
0.93186545
2.5281003
-2.9311497
0.1400131
0.21593699
0.632775
0.5654155
-0.5374607
-0.9657739
0.21088442
-0.66389227
1.5289755
1.1333295
1.7834501
-0.61250514
-2.9073653
1.3718437
2.3416307
-1.7523059
1.167408
2.1416075
-0.99213284
1.0850523
-0.80106056
1.8269761
-0.5894855
-0.5972825
-2.0145223
-1.4545403
-2.1241179
-2.1689532
-2.3827302
-2.2605596
-1.3293799
-1.146227
-1.9046288
-1.9614558
1.2499907
-1.5646648
-1.7635852
-3.4645534
0.4047249
-1.9150549
0.5685138
1.0140463
1.3628207
-0.9444928
3.4024115
1.0853325
4.2959433
3.1624665
0.81069386
1.2312313
-0.7748705
1.1566577
-0.5760755
1.0931197
-0.60681695
-0.62708354
0.6874138
1.0234392
0.97663504
-0.45514888
-3.1059554
1.0927837
2.246652
-1.6426136
0.9305984
1.8149767
-0.72870636
0.99193525
-0.8476275
1.784883
-0.7292113
-1.0618583
0.7629615
0.86513966
0.81526154
-1.0330563
1.1588194
-0.07538111
0.19551039
-0.06568399
0.9826117
-0.084141575
-0.57347614
0.51648605
-0.49438238
0.17762816
-1.6655439
-0.5346442
0.6534575
0.07307686
0.20260267
-0.4362587
0.83834124
1.0985091
2.542071
2.0257368
0.29854602
0.9609763
-0.9464694
0.5335868
-0.6988162
1.3504547
-1.2706759
-0.6978377
0.49634856
0.5809373
0.7227683
-1.1150917
0.036723446
-0.29119387
-0.52668744
0.31755105
0.84503967
-0.2170766
-1.4942555
0.043135658
-0.95267004
-0.48140225
-1.0666261
-0.46944708
0.08810992
1.4203717
0.37985417
-0.4251899
-3.3248503
1.2740014
2.6817815
-1.3515661
1.8532053
0.990798
-0.8306665
0.8534168
-0.98925924
0.17117822
-0.70104176
-0.49562228
0.88511544
1.3883854
1.2508006
-1.1395494
-1.3206224
1.6344812
4.987103
-1.3596231
1.4742328
2.4788923
-0.9048127
1.6311353
-0.80665994
2.202392
-1.3284745
-0.68899286
0.4671778
0.83848125
0.9715098
-0.62952894
1.3261672
0.2553394
0.2974177
2.2226262
0.7667681
0.1121491
-1.3830065
0.9908161
-0.9025078
0.20777923
-0.8287486
-0.80797905
0.7066532
0.6916882
1.2744663
-0.8715302
-2.7810206
1.4467607
3.5274818
-1.6889302
0.8168513
1.9456444
-0.43016046
1.4750797
-0.77859676
1.660388
-0.82673496
-0.9588864
-0.9461351
-0.26992872
-0.795391
-1.2984017
-1.1475551
-0.8420505
-1.0463735
-0.21616235
-0.5101759
-0.87383914
0.57365936
-0.44355533
-1.036851
-1.9224789
-0.08635527
-1.2213922
0.83527195
1.0731204
1.3403051
0.2291786
2.770223
1.328409
1.8457619
1.130033
1.0775194
1.4853079
-1.3525385
1.1836926
0.045141146
2.1456883
-1.0505861
0.2197017
0.09187063
