-0.094165266
-0.29940465
-0.5778502
-0.08797627
-0.39314798
-0.13463476
0.17351258
-0.16766047
-0.18577883
-0.18721923
-0.22356282
-0.15077971
-0.2014328
-0.19357969
-0.24317025
-0.13139053
0.006458731
2.1124225
-2.5898588
-0.062484484
2.6325495
1.1289798
1.3085649
-1.1932068
1.2458671
-2.7660296
-1.7245847
-1.8367261
1.8582344
1.5113933
-1.5766925
0.8555394
0.8736767
-0.06451888
0.6317166
1.1996577
0.322431
0.1053137
0.038798694
-0.017924597
-0.054576147
-0.20369728
-0.16001724
-0.56226736
-0.24309455
0.021076117
-0.00944259
-0.15043275
-3.1566682
-4.449847
-0.85789466
-0.27468383
-1.9807656
-6.0435257
4.696367
-6.654998
-5.480428
-1.3755252
-3.2429273
-1.7701899
-2.1314137
-5.7176814
-3.0514355
-4.31842
1.5246279
1.8011758
-0.30673942
-0.45743185
0.7766347
0.6862017
1.6842965
1.2593462
2.03061
-0.67650354
-1.6213944
0.249997
-0.89971644
-0.5871052
-0.9885925
-0.50742716
0.5016652
1.0867265
0.725889
-0.4723129
-3.012514
1.7741002
3.8089767
-1.6839892
1.0892482
1.082777
-0.3338436
0.8631117
-0.42131892
0.7960147
-0.5186206
-0.74164116
0.55276537
-0.16539598
-0.007596988
-0.5638276
0.54470843
-0.57241476
-1.8173075
1.5801288
0.4309237
-0.793888
-1.2841902
-1.0165176
-0.82465124
-0.4973654
-1.2102659
-0.73971766
0.18769133
0.86594874
0.1312741
-0.8709937
0.24785483
0.55695826
-0.42581427
0.84586626
0.6259006
-0.29344565
0.22693239
0.19916177
-0.5887373
0.16069748
-0.15881723
-0.8578672
-0.49619007
0.24930881
0.034198575
-0.555168
-3.9063256
0.8476803
2.1998396
-3.397184
-0.15953872
0.13624023
0.93676996
0.35928708
-0.53964096
-0.9994956
0.45440134
-0.6714564
1.612843
1.2157292
1.8185829
-0.61125374
-2.89755
1.4603534
2.3321242
-1.7643667
1.3087664
2.0345254
-1.030073
1.1667241
-0.8005195
2.246053
-0.8707194
-0.5963438
-2.5710075
-1.0674921
-2.5348885
-2.1752841
-2.1592827
-1.8710601
-0.9482414
-1.2945455
-1.6102424
-1.5625694
1.1194994
-1.4546918
-1.7616713
-3.3318684
0.4730309
-1.9148468
0.7568977
1.0568588
1.5728089
-0.94301873
3.4488199
1.3728114
4.28454
3.180941
0.8262863
1.6871213
-0.7854762
1.4313718
-0.57517916
1.6125085
-0.6108037
-0.6237926
0.9177398
1.0503685
1.3549633
-0.45556515
-3.0709817
1.1578947
2.228664
-1.6557486
1.0200987
1.7159402
-1.1082201
1.1464638
-0.8476437
2.0094259
-0.9947331
-1.0623415
0.31843796
1.1243232
0.34218234
-1.0352542
1.2464403
-0.2461145
-0.11819307
0.19590539
1.3128114
-0.08739529
-1.0974641
-0.05813233
-0.49106795
0.20241114
-1.6356293
-0.52185977
0.87109506
0.046621714
0.44228378
-0.43869984
1.3294019
1.0192494
2.1998572
2.44089
0.4359558
1.2352319
-1.4970299
0.5276758
-0.69805443
1.5714517
-1.3523254
-0.69745696
0.4542135
0.82188296
0.79794425
-1.1093445
0.038160898
-0.17940749
-0.45194668
0.6405531
1.1962861
0.24279958
-2.1930864
-0.071498476
-0.9446635
-0.28938845
-1.3548145
-0.44046938
0.015019771
1.3504701
0.8447841
-0.4464956
-2.8675282
1.2608646
2.599853
-1.5781777
1.7303472
0.86075455
-0.8220247
0.74800706
-0.99613965
0.1662732
-0.46804044
-0.51224613
0.79486144
1.5408127
1.4643147
-1.1370109
-1.3131915
1.8820562
4.960691
-1.3748133
1.7760547
2.3055427
-1.1152242
1.8791485
-0.805529
2.2179463
-1.8609669
-0.68723696
0.6744281
0.8689794
1.3114
-0.63268334
1.7437505
0.12782606
-0.079289
2.6219409
0.9687814
0.351196
-1.8144392
1.0500153
-0.90254444
0.4139787
-0.96835953
-0.8112617
0.9236901
0.7095696
1.6828619
-0.87330693
-2.630664
1.5157665
3.502508
-1.7373403
0.8574759
1.9369915
-0.765557
1.559052
-0.7790039
1.9515505
-0.876249
-0.96013814
-1.2520479
0.12627468
-1.0233446
-1.3063583
-1.1435399
-0.66449046
-1.1076405
-0.3407064
-0.19444044
-0.72691774
0.43556985
-0.30474243
-1.0347795
-2.0338423
-0.026382737
-1.2219013
0.9823378
0.8509733
1.6671578
0.19785164
2.7559192
1.3749574
1.632404
0.6194775
0.7789347
1.9544374
-1.3162969
1.370048
0.07595043
2.7039006
-1.1494317
0.21789725
-0.066049166
