349.1748
356.99646
365.31482
373.91055
382.86884
389.89413
392.62836
393.75153
395.1801
395.69437
394.8382
393.36832
392.261
392.8045
395.1644
397.67157
400.7509
406.43164
414.05096
422.17548
429.2928
433.72784
436.6794
439.664
442.69516
445.7893
448.9632
452.10675
454.32568
455.03583
455.26028
455.497
455.01306
453.65082
452.096
450.3911
447.76624
444.33527
440.5176
438.0896
439.32736
442.62042
445.7999
448.94586
452.22375
455.43674
458.51044
461.81766
465.57416
469.4098
472.86832
475.2812
476.51666
477.59308
478.19025
476.6179
473.22653
469.8443
466.11493
460.53198
453.69775
446.41742
440.62054
438.49078
437.8203
436.5304
436.40314
438.8275
442.34283
445.15308
444.0696
437.80505
430.03488
423.37933
418.94916
416.5105
414.05457
412.18628
413.20715
416.31924
420.25378
421.52908
415.9295
406.91907
398.2651
390.00992
382.34357
374.89706
367.4985
360.95624
355.68298
345.05142
351.79468
359.295
367.224
375.3155
381.51733
384.08636
385.42548
386.9873
387.59058
386.9099
385.71048
384.9986
385.96967
388.53503
391.16147
394.37573
399.89877
406.96985
414.45776
421.0876
425.3377
428.40253
431.53625
434.60165
437.57977
440.545
443.47278
445.5773
446.39505
446.78992
447.1208
446.80374
445.7665
444.55676
443.04852
440.5453
437.27295
433.45172
431.05276
432.6586
436.3313
439.77814
443.32913
447.27197
451.31464
455.30923
459.67258
464.57996
469.64178
474.27408
477.52805
479.30457
480.92163
481.78458
479.71524
475.37256
470.94598
466.2408
460.08536
453.07397
445.65405
440.2787
439.69717
440.8156
441.195
442.6152
446.07413
450.48297
453.82468
452.13544
444.5181
435.2365
427.52448
423.43042
422.3806
421.41498
420.9207
422.99335
426.70502
431.22495
432.7091
426.55035
417.12677
408.42938
400.04138
392.123
384.42786
376.86386
370.01718
364.16644
340.82617
346.47415
353.1916
360.46716
367.6896
373.11456
375.56616
377.1233
378.77484
379.4433
379.02942
378.16797
377.77182
379.04858
381.7616
384.50256
387.8045
393.11407
399.6973
406.61682
412.7539
416.82715
420.05115
423.48563
426.71988
429.57657
432.34576
435.0997
437.0686
437.943
438.52942
439.07227
439.02704
438.37775
437.63092
436.59137
434.6199
431.98517
428.7987
427.0337
429.17865
433.09097
436.66443
440.41672
444.6102
448.92026
453.20508
457.9325
463.2544
468.80643
473.97253
477.7386
480.0787
482.3449
483.66565
481.61426
477.09955
472.39365
467.31418
460.9669
453.94006
446.64618
441.8994
442.51245
444.95123
446.72363
449.4751
453.78973
458.91016
462.61777
460.18896
451.16718
440.24365
431.4494
427.9583
428.47186
429.0844
430.06647
433.21323
437.52637
442.48898
444.01855
437.38336
427.58783
418.71774
410.1485
402.04236
394.09186
386.24765
379.04715
372.65912
336.40167
341.02893
346.95563
353.51398
359.92114
364.76004
367.19086
368.89734
370.61987
371.42465
371.26434
370.65057
370.53058
372.1416
375.01324
377.79086
381.08527
386.19537
392.35638
398.65323
404.2752
408.37466
411.8949
415.49048
418.70697
421.44473
424.10718
426.6869
428.48456
429.42664
430.22687
430.9524
431.14877
430.92853
430.6983
430.19757
428.89215
427.05917
424.7753
423.8976
426.61627
430.76178
434.53204
438.49976
442.8067
447.18585
451.57556
456.3727
461.6752
467.2173
472.41254
476.33405
479.0866
481.87766
483.65936
482.1454
478.45486
474.64795
470.30115
464.68372
458.42377
451.9681
448.08734
449.2636
452.19284
454.66833
458.03595
462.6881
468.25964
472.1067
468.7493
458.4823
446.3481
436.7536
433.63248
435.04584
436.64636
438.69366
442.62747
447.52435
452.8255
454.24792
447.45114
437.6112
428.6721
420.03543
411.80328
403.65955
395.64502
388.22626
381.3435
331.84525
335.4964
340.63016
346.47958
352.1651
356.4323
358.7649
360.61746
362.45587
363.38126
363.39548
363.05408
363.2979
365.22675
368.2351
371.09186
374.43945
379.33694
384.9771
390.59952
395.7984
400.01093
403.77203
407.4598
410.66125
413.26508
415.72244
418.08765
419.84705
420.97968
421.95343
422.8307
423.37024
423.6399
423.87073
423.84625
423.2121
422.16797
420.76263
420.7271
423.86993
428.18427
432.16315
436.3318
440.77917
445.2986
449.86157
454.7644
460.07062
465.58035
470.74298
474.76968
477.8678
481.07703
483.26617
482.4314
479.82855
477.2426
474.05307
469.54807
464.3711
459.13086
456.39557
458.12866
461.30652
464.11765
467.78918
472.61798
478.41455
482.09753
477.90558
467.01624
454.4986
444.58246
441.36365
442.44656
443.5151
445.33975
449.49365
454.81018
460.1748
461.41727
455.04706
445.9779
437.55206
429.05542
420.64874
412.34814
404.18652
396.42023
388.99323
327.1646
329.8424
334.22958
339.36896
344.27448
347.96945
350.29834
352.3811
354.31024
355.33862
355.61945
355.61554
356.15625
358.29333
361.43817
364.44678
367.8205
372.37897
377.44455
382.46347
387.27396
391.5193
395.5257
399.46106
402.734
405.15646
407.36884
409.59583
411.35315
412.5707
413.67242
414.78827
415.7127
416.4062
417.07028
417.58145
417.6408
417.34015
416.81628
417.6521
421.18036
425.6294
429.80823
434.17902
438.8009
443.45856
448.15335
453.1637
458.49707
463.9816
469.14996
473.3537
476.8399
480.47333
483.10306
482.97003
481.39484
479.90387
477.76404
474.28995
470.1122
466.0926
464.6143
467.03278
470.54617
473.77524
477.85687
482.8822
488.79742
492.25812
487.37347
476.08313
463.41174
453.36676
449.89902
450.1236
449.9938
451.03635
455.04004
460.3692
465.36096
466.325
460.69052
452.8199
445.2966
437.12955
428.42023
419.6866
411.09125
402.67664
394.49615
321.92502
323.72394
327.43866
331.88202
336.06488
339.39862
341.82166
344.08044
346.1126
347.32587
347.91794
348.18774
348.97833
351.3697
354.64984
357.77777
361.1471
365.33057
369.88483
374.3884
378.81735
383.11084
387.40634
391.5088
394.7218
396.97717
399.01672
401.09436
402.78766
404.08014
405.36462
406.7174
408.00522
409.18777
410.34973
411.40253
412.1501
412.62558
413.00623
414.65332
418.51477
423.10098
427.503
432.075
436.83847
441.62518
446.46313
451.58414
456.9292
462.37152
467.574
471.99573
475.8683
479.90436
482.9949
483.6301
483.13702
482.74896
481.6056
479.16864
476.06665
473.24762
472.8849
475.86148
479.73975
483.4682
487.89972
493.03232
499.13333
502.4083
496.6683
484.8247
471.99097
461.8554
458.107
457.43915
456.33228
456.8408
460.58453
465.70496
470.25494
470.94897
465.98917
459.2682
452.67276
444.81528
435.70822
426.388
417.24976
408.11685
398.99915
317.8498
318.77173
321.63947
325.18646
328.55417
331.39166
333.64008
335.8341
337.84506
339.08307
339.78955
340.29626
341.4576
344.19214
347.60657
350.86853
354.29565
358.09406
362.03174
366.01868
370.22723
374.6627
379.19507
383.40057
386.55862
388.70056
390.60104
392.50577
394.21558
395.75458
397.20612
398.6927
400.3649
402.09677
403.7354
405.2736
406.73608
408.048
409.2971
411.66974
415.85077
420.5983
425.21344
429.97174
434.87305
439.7976
444.77908
449.9804
455.34518
460.77933
466.0172
470.67133
474.9507
479.36026
482.90546
484.4063
485.03735
485.69815
485.53833
484.16522
482.14056
480.43622
481.10413
484.7047
488.99078
493.09863
497.82632
503.1804
509.53232
512.52673
505.84155
493.49173
480.5891
470.30206
466.14685
464.60947
462.607
462.60574
466.10022
471.07352
475.3011
475.81915
471.53918
466.0117
460.29535
452.50293
442.9399
433.16943
423.50208
413.58173
403.51642
318.00305
318.12308
320.00726
322.44702
324.777
326.84836
328.66956
330.54767
332.23566
333.20197
333.7556
334.28693
335.5785
338.34586
341.67682
344.90457
348.1781
351.4343
354.64032
358.0271
361.97302
366.44244
371.10236
375.3857
378.37424
380.1659
381.7483
383.52264
385.35422
387.09286
388.69397
390.43985
392.57898
394.81964
396.95258
399.10043
401.35245
403.49353
405.587
408.69336
413.22968
418.13824
422.92413
427.86707
432.95306
438.0219
443.1131
448.38123
453.7741
459.1972
464.4677
469.38354
474.1072
478.87222
482.86865
485.3037
487.08862
488.79803
489.65628
489.33685
488.35785
487.7751
489.48566
493.71005
498.372
502.8328
507.8849
513.4472
519.9735
522.7332
515.21765
502.30032
489.3263
478.9655
474.2589
471.73703
468.8388
468.36508
471.68335
476.49908
480.40982
480.85623
477.34818
473.025
468.1015
460.24884
450.19025
439.98447
429.7407
418.9768
407.9879
321.11725
320.80753
322.01166
323.62497
325.18317
326.71954
328.2384
329.84833
331.2397
331.9678
332.35297
332.7187
333.76306
336.16443
339.09723
341.9422
344.7667
347.5027
350.16702
353.00336
356.53534
360.78967
365.3377
369.43253
372.02362
373.38342
374.61343
376.1776
377.94678
379.64288
381.27893
383.20474
385.63898
388.2057
390.70093
393.3683
396.27866
399.13577
402.01984
405.789
410.63135
415.71002
420.70993
425.85217
431.09824
436.3194
441.54626
446.87042
452.25488
457.63983
462.9734
468.19492
473.35132
478.47766
482.97766
486.35602
489.29004
492.0843
493.94104
494.62805
494.72705
495.30975
497.99353
502.68875
507.71588
512.6643
517.9813
523.5801
530.3208
532.9066
524.4726
510.9299
497.99
487.66357
482.27283
478.6096
474.8797
474.0796
477.24432
481.82718
485.46545
486.0096
483.31854
480.11346
475.9405
468.0016
457.35876
446.64093
435.84473
424.24652
412.26523
324.38898
323.841
324.5501
325.5473
326.57797
327.79758
329.13895
330.57727
331.7928
332.37964
332.6673
332.9488
333.84283
335.94818
338.51428
340.998
343.50458
346.0123
348.46503
351.0782
354.43854
358.53723
362.91733
366.8113
369.24023
370.60822
371.86978
373.26837
374.7682
376.25778
377.71475
379.46008
381.76532
384.25894
386.71765
389.4579
392.59845
395.79675
399.09476
403.18427
408.13046
413.273
418.39383
423.65857
429.032
434.40652
439.77048
445.14713
450.5391
455.9298
461.38715
466.98846
472.62833
478.18237
483.29797
487.7229
491.87292
495.75525
498.60825
500.3561
501.56104
503.22656
506.82132
512.0734
517.5325
522.86816
528.33777
534.0132
540.8793
542.99445
533.5802
519.577
506.70224
496.24258
490.0974
485.37024
480.85324
479.7295
482.7444
487.12653
490.54788
491.25018
489.40308
487.38486
483.92285
475.68463
464.399
453.2416
441.8916
429.37634
416.33417
327.47705
326.62543
326.76303
327.0854
327.565
328.4709
329.62463
330.86096
331.87958
332.32025
332.50964
332.7611
333.62976
335.55865
337.86945
340.13013
342.46948
344.87473
347.242
349.81888
353.19122
357.24728
361.53772
365.35992
367.82895
369.4071
370.92224
372.41968
373.84906
375.2486
376.63495
378.27832
380.40848
382.69635
384.98795
387.61444
390.6749
393.81165
397.08255
401.11145
405.88092
410.78406
415.73254
420.97186
426.39584
431.8247
437.24426
442.64624
448.02893
453.39648
458.9909
465.01855
471.16547
477.1725
482.9204
488.3477
493.63538
498.52893
502.34192
505.1257
507.4043
510.11966
514.5913
520.4651
526.44934
532.28516
538.23694
544.4055
551.40076
553.0832
543.2519
528.95715
515.8157
504.99954
497.9824
492.06946
486.66376
485.2426
488.17188
492.35812
495.60733
496.55957
495.61182
494.82755
491.99292
483.29202
471.39664
459.8362
447.84918
434.41727
420.32175
330.5381
329.30975
328.86963
328.53293
328.47205
329.09833
330.08453
331.11084
331.9226
332.23856
332.34567
332.54065
333.33795
335.06866
337.11606
339.13263
341.28198
343.56842
345.83
348.32373
351.659
355.65784
359.85992
363.59412
366.06464
367.79767
369.54187
371.22864
372.7447
374.1858
375.64996
377.34393
379.40955
381.57925
383.7813
386.3289
389.2634
392.24808
395.3982
399.24847
403.6983
408.22226
412.89124
418.0302
423.40173
428.77112
434.16147
439.4814
444.72125
449.97076
455.6375
461.97638
468.47964
474.83777
481.05588
487.08926
493.0854
498.70392
503.15332
506.57916
509.6431
513.1299
517.94543
523.75525
529.69604
535.823
542.46686
549.4773
556.80835
558.50635
549.2822
535.6527
522.91986
512.4182
505.0761
498.38046
492.4661
490.96774
493.76694
497.6322
500.7006
501.996
501.96118
502.40286
500.25943
491.09418
478.50732
466.4299
453.69476
439.32904
424.11975
333.54126
331.91608
330.90472
329.90823
329.30676
329.68982
330.52792
331.3352
331.9416
332.14398
332.1751
332.30988
333.02875
334.55472
336.32437
338.09674
340.07898
342.2542
344.39252
346.7926
350.104
354.05493
358.16388
361.81488
364.31384
366.2288
368.1839
370.00604
371.5797
373.0569
374.56018
376.2461
378.2273
380.2838
382.388
384.8457
387.6753
390.552
393.60266
397.27374
401.41528
405.60114
410.02563
415.05963
420.39377
425.724
431.02554
436.19415
441.27417
446.41992
452.1328
458.68265
465.47632
472.15692
478.73987
485.17236
491.6324
497.69788
502.40472
506.02954
509.43765
513.08234
517.31995
522.00543
526.7842
532.2263
538.9571
546.38086
553.6957
555.46594
547.6118
536.0266
525.2822
516.5276
510.26584
504.23193
498.9256
497.7278
500.25842
503.6439
506.3497
507.64783
508.1068
509.3744
507.62878
497.92654
484.74576
472.31555
459.01404
443.9312
427.87756
336.53613
334.50085
332.8719
331.20355
330.09674
330.26022
330.94543
331.5343
331.94864
332.03973
331.99353
332.06583
332.69186
333.99814
335.48672
337.02466
338.8509
340.91367
342.93835
345.2744
348.57318
352.4632
356.46503
360.04865
362.6034
364.69583
366.84705
368.8016
370.42645
371.92078
373.44995
375.1284
377.0205
378.95065
380.95233
383.33667
386.0797
388.845
391.7657
395.253
399.12555
402.96582
407.123
412.08905
417.4263
422.7116
427.89218
432.91846
437.87195
442.92145
448.71442
455.53424
462.6509
469.65778
476.6176
483.511
490.47174
496.90823
501.76038
505.48212
509.111
512.6505
515.8848
519.0709
522.3369
526.7291
533.2245
540.7304
547.77515
549.572
543.26575
534.0237
525.61285
519.02673
514.46313
509.91257
505.94418
505.36765
507.57947
510.35785
512.542
513.43317
513.7118
514.8136
512.59607
502.3711
489.0213
476.50436
463.0527
447.9953
431.95636
339.48492
336.9586
334.69
332.40326
330.8573
330.80353
331.3241
331.70987
331.9419
331.92505
331.8009
331.80258
332.32092
333.40997
334.63092
335.93683
337.60767
339.56772
341.4837
343.73907
347.00616
350.83984
354.7306
358.2427
360.8817
363.17313
365.52747
367.6115
369.27405
370.78552
372.349
374.01605
375.8067
377.60883
379.5265
381.8424
384.47388
387.11884
389.92395
393.21765
396.79117
400.28183
404.2047
409.1251
414.4311
419.6325
424.71686
429.6128
434.38306
439.3158
445.2661
452.4405
459.87286
467.16956
474.5301
481.91196
489.3868
496.20474
501.19803
505.03625
508.94373
512.3864
514.5721
516.30273
518.23065
521.78625
528.1972
535.8557
542.72565
544.69977
539.9619
532.8858
526.52344
521.85986
518.8424
515.7616
513.17224
513.15686
515.001
517.16626
518.83606
519.25354
519.1322
519.57825
516.46814
505.85162
492.4813
479.80466
466.3925
451.85892
436.36206
342.34894
339.34576
336.4555
333.55334
331.5534
331.2213
331.51172
331.6791
331.7464
331.6416
331.45782
331.39862
331.81064
332.69177
333.6514
334.739
336.28876
338.16394
339.95782
342.12756
345.3896
349.19086
352.96594
356.41272
359.1895
361.71417
364.2478
366.4267
368.1213
369.66458
371.25537
372.8872
374.57495
376.26013
378.08252
380.3089
382.82385
385.3609
388.0437
391.10635
394.37265
397.57507
401.30875
406.15552
411.41736
416.56744
421.56558
426.313
430.89862
435.76147
441.9085
449.4096
457.15387
464.78015
472.5395
480.38165
488.36816
495.5787
500.69354
504.6327
508.79913
512.0532
513.1017
513.3203
513.9568
516.8184
523.1776
530.9272
537.69165
540.0504
536.96423
532.0614
527.7568
524.96106
523.4716
521.916
520.6168
520.8894
522.2874
523.92957
525.0934
525.02466
524.57837
524.4877
520.54596
509.5138
496.0502
483.21997
469.912
455.89398
440.94302
345.01935
341.83496
338.5743
335.29227
333.0082
332.41565
332.41107
332.31696
332.1913
331.93512
331.6098
331.41315
331.64014
332.23654
332.86627
333.68973
335.082
336.81024
338.4319
340.49646
343.71054
347.41638
351.04944
354.4686
357.42877
360.20325
362.92566
365.20892
366.94223
368.5186
370.1322
371.73096
373.3266
374.89258
376.60657
378.75482
381.18823
383.62305
386.15356
388.97003
391.94028
394.87332
398.4235
403.18445
408.41083
413.5039
418.37756
422.97748
427.41458
432.2254
438.55725
446.36316
454.4202
462.40033
470.56998
478.8759
487.39642
494.99365
500.2038
504.26422
508.628
511.5418
511.40823
510.1362
509.54462
511.83463
518.1844
526.035
532.8096
535.6812
534.2663
531.50916
529.23004
528.25726
528.277
528.2011
528.0825
528.5304
529.4339
530.5195
531.13586
530.6283
529.9158
529.3015
524.54346
513.09546
499.5494
486.62524
473.4406
459.92215
445.53995
347.43744
344.42664
341.26468
338.1367
335.9732
335.28638
335.07056
334.75726
334.38232
333.8637
333.28455
332.84656
332.78012
332.99655
333.21188
333.6923
334.86508
336.3954
337.81958
339.73303
342.77686
346.27536
349.71057
353.0276
356.04144
358.94977
361.78897
364.11542
365.8507
367.44214
369.05908
370.59872
372.07883
373.5158
375.1291
377.21674
379.5772
381.9311
384.3426
386.91278
389.54572
392.19467
395.6117
400.30716
405.46365
410.47485
415.2261
419.67645
423.91318
428.65094
435.2317
443.3871
451.72717
460.03784
468.67645
477.49036
486.51935
494.46667
499.74356
503.9346
508.43192
510.85507
509.5194
506.8017
505.0201
506.81598
513.2202
521.17395
527.9739
531.49854
531.84705
531.23047
530.96545
531.7954
533.2937
534.6783
535.6999
536.20825
536.5279
537.00433
537.08276
536.21545
535.2376
534.0439
528.4994
516.7085
503.0408
489.98315
476.99005
464.0334
450.2134
349.82712
347.10205
344.21692
341.41446
339.48035
338.76312
338.4223
337.96448
337.37778
336.66058
335.92038
335.30072
334.96387
334.8426
334.69556
334.8798
335.90997
337.3357
338.66345
340.49753
343.37653
346.66455
349.8728
352.93652
355.74786
358.52765
361.24124
363.42307
365.05746
366.59418
368.13818
369.55014
370.87823
372.17657
373.65167
375.57782
377.76514
379.9711
382.1988
384.46896
386.75085
389.13235
392.44373
397.1256
402.2593
407.24506
411.95477
416.3086
420.3839
425.1071
431.9967
440.52362
449.16754
457.86304
467.00052
476.33496
485.8341
494.08185
499.45044
503.79156
508.36734
510.1817
507.55563
503.31796
500.36514
501.80353
508.2675
516.20605
523.0812
527.5051
529.7307
531.24896
532.9875
535.5498
538.52026
541.4717
543.58215
543.90845
543.5753
543.5288
543.09375
541.8179
540.5496
538.81726
532.5047
520.36346
506.5779
493.44574
480.7459
468.3191
455.00726
352.2826
349.81
347.11963
344.5495
342.80096
342.04993
341.57724
340.998
340.27582
339.44244
338.59766
337.836
337.2688
336.84973
336.3812
336.32727
337.29034
338.67096
339.951
341.75677
344.51624
347.63794
350.65918
353.4748
356.03427
358.5874
361.06488
363.02655
364.5138
365.9419
367.3592
368.61542
369.77835
370.92783
372.20758
373.80145
375.58423
377.40414
379.22382
381.04053
382.85046
384.81934
387.9059
392.51855
397.58044
402.5064
407.36456
412.0542
416.42847
421.42963
428.65753
437.48187
446.37073
455.3698
464.90704
474.70264
484.60382
493.07245
498.61163
503.25104
507.91824
509.0744
505.22208
499.62143
495.7182
497.11432
503.85425
511.82874
518.92194
524.42706
528.56964
532.21985
535.92535
540.1005
544.4832
548.8967
551.8059
551.7676
550.7494
550.1144
549.05884
547.3096
545.77057
543.52454
536.41016
523.91223
510.06946
496.88525
484.4843
472.6082
459.83643
354.75354
352.51166
350.0213
347.70358
346.1344
345.3274
344.7182
344.03888
343.19104
342.1968
341.19495
340.27225
339.4668
338.7279
337.9369
337.67877
338.57162
339.8786
341.08948
342.8518
345.4832
348.43158
351.28323
353.9029
356.2626
358.62335
360.89218
362.65576
364.00568
365.33093
366.62323
367.7154
368.69952
369.69427
370.75787
371.9375
373.19
374.50085
375.79764
377.01367
378.14514
379.52057
382.2588
386.60205
391.31165
396.03287
401.23785
406.73615
411.9427
417.62653
425.24133
434.12115
442.9602
451.96252
461.60522
471.57928
481.56372
489.99457
495.61154
500.52408
505.17313
505.5008
500.4355
493.5944
488.76794
490.16577
497.28375
505.35992
512.70703
519.339
525.40564
531.1709
536.8726
542.8578
549.0001
555.09094
558.98083
559.0337
557.8125
556.90576
555.5842
553.7166
552.0071
549.15375
541.1388
528.1219
514.00446
500.64215
488.55426
477.2987
465.0398
357.26965
355.2666
353.01956
350.9351
349.4618
348.5747
347.84793
347.05316
346.05
344.8994
343.77512
342.6961
341.622
340.5537
339.48114
339.05713
339.85742
341.07343
342.22882
343.94342
346.4342
349.19852
351.8703
354.28522
356.44016
358.60706
360.6696
362.24152
363.4613
364.69073
365.85666
366.77145
367.57465
368.4168
369.24194
369.99207
370.75342
371.59094
372.34222
372.90546
373.34625
374.17126
376.5309
380.4725
384.71545
389.22165
394.84744
401.21692
407.38452
413.90298
421.8432
430.5677
439.19962
448.07843
457.57617
467.3954
477.14893
485.25647
490.64655
495.4803
499.73843
498.854
492.18973
483.68347
477.60822
478.68808
485.6596
493.40057
500.73752
508.1302
515.50916
522.6986
529.957
537.67664
545.63965
553.417
558.5883
559.504
558.9573
558.58057
557.63184
556.0064
554.3318
551.20465
542.9346
530.1002
516.2698
503.25037
491.84262
481.37494
469.79614
359.8147
358.0381
356.0176
354.14758
352.76678
351.81293
350.96954
350.04108
348.88647
347.61206
346.3694
345.0985
343.73743
342.3457
340.99402
340.40106
341.1121
342.2511
343.35333
345.00348
347.3532
349.94733
352.438
354.64093
356.59012
358.56097
360.41754
361.8093
362.90637
364.03412
365.06787
365.80994
366.4441
367.1265
367.6783
367.99445
368.2915
368.63965
368.7934
368.71283
368.51395
368.7887
370.7536
374.3413
378.16754
382.49002
388.5996
395.859
402.9753
410.26556
418.40704
426.96112
435.4486
444.21045
453.5199
463.1406
472.61572
480.28418
485.30347
489.95947
493.6323
491.2343
482.73102
472.40082
465.04083
465.69476
472.1234
479.1174
486.10608
493.61658
501.2832
508.7953
516.6198
525.16595
533.9961
542.46814
548.27466
549.9999
550.3524
550.6906
549.93915
548.0989
546.22595
543.1734
535.7794
524.71094
512.77356
501.32175
491.07806
481.45743
470.84344
362.42615
360.83276
359.02643
357.39066
356.1023
355.04697
354.07135
353.02292
351.72214
350.28784
348.89313
347.44214
345.81125
344.09113
342.46027
341.72424
342.36923
343.43015
344.46454
346.04822
348.26373
350.68552
352.98944
354.97726
356.71918
358.49557
360.15466
361.37155
362.33914
363.35657
364.2581
364.83044
365.29156
365.79974
366.06567
365.93872
365.7437
365.5816
365.14932
364.42822
363.53656
363.21793
364.86597
368.19434
371.56607
375.71677
382.46423
390.69766
398.748
406.72638
414.98798
423.38715
431.75055
440.3739
449.5189
458.98816
468.16022
475.35373
480.02832
484.59302
487.67926
483.63412
473.30133
461.26178
452.62302
452.89804
458.92102
465.1731
471.64282
479.04684
486.7882
494.36194
502.32214
511.18256
520.4378
529.1521
535.09595
537.31714
538.4939
539.409
538.4475
535.8723
533.2676
529.926
523.49304
514.6014
505.17865
495.73474
486.4905
477.2787
467.4498
365.22437
363.91446
362.39896
360.9372
359.62555
358.43445
357.3171
356.10858
354.60876
352.9879
351.4428
349.79303
347.8537
345.78278
343.8908
343.04456
343.62112
344.5837
345.54703
347.06595
349.14362
351.3902
353.51135
355.28644
356.82123
358.4033
359.86652
360.911
361.75174
362.6541
363.40857
363.8061
364.10132
364.43076
364.391
363.806
363.12347
362.4768
361.4798
360.1007
358.5003
357.65106
359.0196
362.01312
364.89154
368.9618
376.45398
385.65375
394.603
403.25146
411.56732
419.75912
427.99432
436.51852
445.50708
454.7697
463.62445
470.38318
474.71475
479.14032
481.586
475.86615
463.6618
449.80035
439.8709
439.9305
445.68365
451.17493
457.10168
464.56018
472.57043
480.3266
488.58185
497.8855
507.67792
516.78503
522.9643
525.72253
527.72974
529.1649
527.90625
524.5438
521.0856
517.2329
511.584
504.66144
497.51758
489.83295
481.2506
472.17896
462.94037
366.7005
365.7887
364.6701
363.4663
362.2488
361.09424
359.98386
358.7318
357.1678
355.5061
353.89056
352.05322
349.83167
347.4367
345.2785
344.29742
344.78345
345.65472
346.5493
347.9798
349.90472
351.97842
353.91608
355.47528
356.80563
358.19635
359.4701
360.36127
361.09937
361.89874
362.51007
362.75198
362.90442
363.04834
362.66968
361.6214
360.47305
359.31714
357.70203
355.66583
353.38953
352.00452
353.05444
355.7044
358.10046
362.11572
370.4375
380.67517
390.53275
399.8058
408.12433
416.1042
424.2221
432.6369
441.44147
450.52225
459.1172
465.43774
469.4291
473.7511
475.4969
467.96802
453.82184
438.1753
427.11823
427.06268
432.42957
437.176
442.74887
450.27728
458.444
466.37744
475.0681
484.8695
495.0693
504.47897
510.98065
514.32556
517.07837
518.95483
517.3579
513.2001
508.83902
504.60498
500.12653
495.3256
490.34558
484.30823
476.35715
467.4744
458.806
365.48755
364.87695
364.13397
363.3412
362.4906
361.63068
360.76865
359.7627
358.4791
357.0815
355.65247
353.89972
351.672
349.18463
346.93628
345.9162
346.30612
347.03876
347.8324
349.17752
350.96887
352.87457
354.61603
355.935
357.02832
358.18445
359.22278
359.92926
360.51855
361.14023
361.52826
361.531
361.47296
361.39517
360.65704
359.12888
357.49026
355.80286
353.5594
350.87268
347.92493
346.0039
346.8497
349.3285
351.31128
355.3406
364.59442
375.9141
386.61743
396.3922
404.68582
412.47968
420.4579
428.7066
437.3119
446.24777
454.56122
460.40247
464.0787
468.35455
469.34082
459.7848
443.6435
426.3219
414.1278
413.9225
418.9351
423.03833
428.3339
435.86682
444.18512
452.373
461.45486
471.70142
482.36102
492.12888
498.92838
502.82068
506.3912
508.72284
506.6469
501.61383
496.31488
491.82532
488.79135
486.20978
483.33154
478.8335
471.45737
462.7702
454.66516
363.32397
362.9309
362.47012
362.0025
361.47293
360.89655
360.29382
359.59894
358.73474
357.7834
356.75836
355.33835
353.37653
351.12006
349.11285
348.26343
348.58975
349.12866
349.8082
351.16193
352.96158
354.82526
356.47342
357.58563
358.43
359.33856
360.13107
360.64197
361.0526
361.4543
361.5682
361.2677
360.93927
360.57684
359.43115
357.40558
355.2699
353.05432
350.16522
346.76544
343.06335
340.5132
340.99716
343.05167
344.56134
348.74948
358.92017
371.33118
382.99283
393.26227
401.43948
408.95154
416.73346
424.82047
433.22766
441.95615
449.95532
455.3515
458.69452
462.88696
463.0717
451.41525
433.24542
414.34073
401.11414
400.73303
405.41815
408.86377
413.8668
421.5375
430.04572
438.3936
447.7853
458.51956
469.7818
480.00354
487.07816
491.53772
496.02005
498.71
495.93958
490.0279
483.91095
479.2445
477.72018
477.44714
476.6643
473.51984
466.60846
458.15347
450.62637
361.4803
361.30133
361.09375
360.86264
360.545
360.17133
359.77402
359.34778
358.8778
358.3795
357.77094
356.69165
355.0469
353.1364
351.48627
350.84564
351.12048
351.50708
352.1203
353.56738
355.52026
357.52466
359.23785
360.24503
360.9442
361.73608
362.41782
362.85388
363.21564
363.56894
363.5904
363.15222
362.67664
362.08356
360.58423
358.19507
355.72168
353.10162
349.70642
345.77588
341.53207
338.355
337.97894
338.92017
339.54486
343.4735
353.76233
366.49268
378.5545
389.03622
397.28723
404.86023
412.67978
420.7268
428.99573
437.56415
445.3051
450.28204
453.2709
457.44794
456.88516
443.01086
422.52966
402.09686
388.2215
387.45898
391.3908
394.1947
399.11243
406.98993
415.57446
424.0901
434.0066
445.35632
457.16177
467.8401
475.35382
480.44965
485.76062
488.72906
485.21545
478.37375
471.44095
466.78235
466.96884
469.03766
470.23145
468.30048
461.85193
453.6494
446.60602
359.65704
359.70166
359.75397
359.76242
359.67178
359.52295
359.35516
359.22217
359.1505
359.09055
358.87622
358.11972
356.78152
355.19495
353.8533
353.3678
353.58136
353.82816
354.39282
355.9593
358.08966
360.25568
362.03995
362.99872
363.65155
364.40015
365.04095
365.49994
365.92828
366.32452
366.32605
365.8479
365.34515
364.64868
362.97052
360.47528
357.94577
355.21826
351.71606
347.74402
343.56635
340.15863
338.72586
338.13992
337.51422
340.4396
349.47723
360.83423
371.6994
381.7144
390.58032
399.06335
407.4552
415.68243
423.88406
432.36426
439.8631
444.39178
447.06967
451.21616
449.92706
434.20062
411.9362
390.6178
376.58093
375.36505
378.39673
380.64575
385.46408
393.34247
401.85126
410.46036
420.6983
432.31415
444.3765
455.36337
463.2351
468.95
475.24554
478.65646
474.28052
466.30408
458.68054
454.44983
456.58044
460.99792
464.1032
463.2533
457.17734
449.19366
442.5733
357.87573
358.14392
358.45856
358.70435
358.84036
358.91284
358.97482
359.14798
359.47867
359.8579
360.04822
359.61743
358.5692
357.29333
356.24164
355.88214
356.02148
356.10583
356.62433
358.35388
360.67108
362.9486
364.76654
365.69122
366.29208
366.9708
367.5698
368.06122
368.54456
368.9335
368.86157
368.31912
367.77264
366.98767
365.2162
362.7204
360.2313
357.5302
354.10965
350.3156
346.4697
342.99277
340.45312
338.266
336.32745
338.0356
345.32355
354.5406
363.51822
372.87646
382.5254
392.15048
401.35773
409.8768
417.9458
426.252
433.46133
437.48773
439.8298
443.5274
441.32782
424.95496
402.60223
381.68616
368.26978
367.0924
369.7328
371.70798
376.5473
384.6386
393.34088
402.01416
412.00897
423.1617
434.864
445.50418
453.0141
458.78088
465.52295
468.85364
463.4869
454.4652
446.3006
442.62692
446.49548
453.04648
457.99673
458.12274
452.49838
444.94818
438.89124
356.12897
356.61053
357.18866
357.6804
358.04004
358.32587
358.62457
359.12488
359.86755
360.68442
361.26233
361.12848
360.3658
359.4207
358.65234
358.37448
358.42477
358.37195
358.8623
360.76294
363.27985
365.68015
367.52972
368.39236
368.9121
369.53302
370.1148
370.61554
371.11847
371.51404
371.39124
370.779
370.17548
369.305
367.4459
364.91812
362.42706
359.73804
356.385
352.7296
349.11316
345.41257
341.66522
337.86713
334.62604
335.1651
340.822
348.04678
355.41266
364.383
374.7396
385.3438
395.33575
404.03317
411.8459
419.95883
426.89316
430.37048
432.29407
435.21335
431.93756
415.6123
393.9145
373.9313
361.85046
361.28122
363.93283
366.16196
371.75214
380.79095
390.3894
399.69925
409.5282
419.88953
430.74634
440.4319
446.81863
451.63513
457.33304
459.39716
453.14517
443.44452
434.75928
431.3987
436.1601
443.7555
449.6313
450.3266
445.3756
438.5903
433.24377
354.37125
355.10623
355.94485
356.673
357.25885
357.76312
358.30908
359.1499
360.3082
361.56097
362.5204
362.68268
362.22293
361.6175
361.11053
360.88702
360.83188
360.65057
361.13513
363.19037
365.88153
368.39636
370.252
371.04272
371.50406
372.08282
372.64438
373.15662
373.7005
374.11258
373.91968
373.23083
372.59778
371.66016
369.6961
367.1308
364.6417
361.95923
358.67825
355.16296
351.706
347.66217
342.68048
337.304
332.74512
332.05872
336.0823
341.31982
347.13184
355.89856
367.09576
378.74564
389.46216
398.1745
405.71954
413.68646
420.2965
423.1867
424.725
426.90448
422.55127
406.21356
385.04376
365.96362
355.32626
355.4447
358.1858
360.9383
367.6529
377.9193
388.71298
398.9583
408.71216
418.23157
428.2351
436.9214
441.9312
445.4511
449.68768
450.11832
442.96637
432.7447
423.79852
420.64667
425.35272
432.6998
438.2907
438.7853
434.21454
428.14758
423.46564
352.73566
353.74774
354.83276
355.8025
356.63324
357.36304
358.15417
359.3363
360.89618
362.56653
363.90295
364.34253
364.1405
363.84747
363.59155
363.39618
363.20337
362.91534
363.45477
365.66663
368.5123
371.12445
372.9726
373.7116
374.12048
374.64252
375.18152
375.72208
376.31384
376.71216
376.43558
375.67517
374.989
373.9618
371.8988
369.31903
366.8333
364.13568
360.94464
357.6313
354.2898
349.7453
343.47327
336.54187
330.64725
328.71616
331.08936
334.25012
338.5467
347.38678
359.56497
372.2069
383.57654
392.293
399.62357
407.3601
413.51752
415.89532
417.13736
418.6159
413.2893
396.97678
376.3847
358.2113
348.825
349.5561
352.43005
355.64886
363.4159
374.862
386.82898
397.86627
407.3009
415.93555
425.12024
432.7815
436.47205
438.85596
441.84512
440.7973
432.75003
422.0453
412.99615
410.00867
414.35883
421.18484
426.22406
426.22458
421.8454
416.4489
412.3319
350.88657
352.12802
353.44788
354.64206
355.68286
356.63385
357.72925
359.3584
361.42712
363.61078
365.40405
366.20233
366.34387
366.4088
366.38165
366.15665
365.80893
365.45306
366.0732
368.41895
371.4088
374.11002
375.90247
376.53107
376.83533
377.27277
377.77277
378.30396
378.91544
379.3028
378.9524
378.1166
377.3644
376.25867
374.12006
371.5182
369.0179
366.3194
363.24854
360.1593
356.8677
351.67606
344.0412
335.56165
328.34055
325.14252
325.85297
326.9903
329.96158
339.09106
352.26477
365.8664
377.8943
386.52588
393.55768
400.9885
406.64423
408.57388
409.5042
410.27875
404.1009
387.86285
367.79422
350.46603
342.36975
343.75098
346.69794
350.37967
359.31592
372.0041
385.13678
396.89844
405.86102
413.57202
421.821
428.3106
430.8306
432.14917
433.7696
431.29437
422.52783
411.35443
402.03204
399.1629
403.33942
409.74707
414.26337
413.93323
409.96408
405.2909
401.58386
348.2913
349.6555
351.09238
352.29877
353.27747
354.19287
355.4371
357.5188
360.20493
363.0356
365.40982
366.70087
367.35834
367.93878
368.20135
367.9353
367.45807
367.09808
367.8688
370.4381
373.66962
376.56354
378.4173
379.07007
379.42664
379.94952
380.58734
381.27655
382.00888
382.37646
381.86276
380.88242
380.0338
378.8105
376.5677
373.91492
371.37372
368.6829
365.7085
362.78934
359.47095
353.4879
344.405
334.37836
325.81628
321.30746
320.351
319.4839
321.19293
330.7669
345.04962
359.67
372.30255
380.68546
387.37738
394.53528
399.65204
401.0957
401.72583
401.86038
394.8683
378.7105
359.18256
342.70648
335.93292
337.93695
340.91223
345.1517
355.34018
369.25653
383.5675
396.02393
404.3718
411.07095
418.36017
423.64713
425.00842
425.2885
425.62354
421.78162
412.2522
400.5598
390.95667
388.32898
392.40408
398.25494
402.24658
401.74805
398.1881
394.16934
390.84363
345.33234
346.68326
348.01355
348.93347
349.50433
349.95135
350.91266
353.231
356.45148
359.82324
362.6744
364.36862
365.50012
366.65472
367.25085
366.8774
366.16342
365.71936
366.59067
369.34558
372.79224
375.8878
377.9298
378.8628
379.5521
380.38205
381.3149
382.3045
383.2803
383.77228
383.32584
382.46832
381.73346
380.54193
378.3403
375.77115
373.32187
370.74982
367.96027
365.35477
362.12402
355.37564
344.90387
333.34808
323.31934
317.32434
314.50073
311.34064
311.73804
322.1124
337.73584
353.28235
366.40936
374.6482
381.13556
388.03677
392.63983
393.65625
394.04578
393.5169
385.68933
369.66998
350.73737
335.10828
329.56262
332.1684
335.22665
340.04358
351.50372
366.67566
382.13083
395.12558
402.7541
408.46667
414.83176
418.87912
419.0301
418.28864
417.39447
412.19806
401.8529
389.6442
379.83392
377.43646
381.32068
386.64307
390.24942
389.65594
386.49515
383.16962
380.2223
342.3768
343.65253
344.81287
345.35095
345.39532
345.2371
345.80527
348.3379
352.02972
355.79474
359.0053
361.03497
362.56876
364.16943
364.90814
364.20126
362.97205
362.13406
362.81757
365.45282
368.76324
371.71564
373.7181
374.85693
375.82288
376.80554
377.77905
378.79486
379.8441
380.5727
380.6559
380.47504
380.31433
379.50385
377.5606
375.23975
373.0244
370.59628
367.91443
365.5487
362.33423
354.924
343.46594
330.83405
319.7508
312.80142
308.73865
303.81152
303.2768
314.55148
331.3057
347.42218
360.72766
368.72327
374.94382
381.51294
385.61688
386.2417
386.3896
385.2507
376.69757
360.77966
342.30823
327.4574
323.14114
326.3398
329.39337
334.76978
347.69434
364.29755
380.7422
394.0036
400.92984
405.74408
411.12494
413.90405
412.90024
411.12317
408.89835
402.39227
391.36926
378.6515
368.55396
366.33112
370.08087
374.93063
378.09222
377.45316
374.85382
372.25586
369.51862
339.3723
340.6136
341.65857
341.8212
341.33182
340.6021
340.87286
343.6925
347.86862
352.0314
355.6175
358.0174
359.97675
361.95734
362.68982
361.51376
359.65308
358.31226
358.72168
361.10583
364.0573
366.6609
368.5044
369.71167
370.7823
371.7829
372.66302
373.5082
374.3651
375.14172
375.76385
376.31134
376.76044
376.33694
374.57404
372.39648
370.25653
367.65698
364.58694
361.85202
358.08047
349.83423
337.7749
324.65808
313.4101
307.09946
303.72394
299.01953
298.86267
310.82587
327.97754
344.07138
356.89734
364.0851
369.62457
375.489
378.68506
378.5508
378.17902
376.39825
367.35202
351.75098
333.9144
319.98367
316.97577
320.82214
323.93353
329.89453
344.15973
362.08496
379.42606
392.80975
399.01532
402.93488
407.29965
408.7956
406.54382
403.64825
400.1537
392.39853
380.65463
367.40906
357.10785
355.1878
358.86298
363.22308
366.02792
365.4757
363.37003
361.38525
358.87772
336.4015
337.61566
338.48645
338.22235
337.21338
335.89163
335.84277
339.01047
343.74554
348.33093
352.27408
355.04596
357.46097
359.81732
360.4801
358.80096
356.34302
354.56116
354.7357
356.87653
359.50616
361.83362
363.57217
364.84515
366.05103
367.15445
367.9767
368.64935
369.31055
370.10046
371.1194
372.20404
373.11884
372.9488
371.2176
369.04596
366.85165
363.89746
360.17896
356.7525
352.13434
342.96423
330.3652
316.76868
305.65356
300.91394
299.35773
296.412
297.97076
310.53064
327.55145
343.32578
355.27423
361.29453
365.75278
370.3841
372.09906
370.60583
369.0581
366.13962
356.7316
342.05103
325.40845
312.89514
311.7719
316.93372
320.9546
327.87286
342.63965
360.80377
378.28705
391.24622
396.67923
399.8954
403.38892
403.71515
400.34653
396.5116
391.9604
383.0696
370.5434
356.71274
346.129
344.26636
347.5504
351.20416
353.59473
353.11346
351.48337
350.1438
347.86353
333.41986
334.57715
335.24744
334.5213
332.98218
331.0929
330.80005
334.4357
339.7577
344.6983
348.9687
352.14197
355.0338
357.70544
358.20013
356.0001
352.95395
350.71057
350.65002
352.58246
354.9501
357.04593
358.67963
360.02094
361.40945
362.59662
363.26007
363.74268
364.29068
365.15952
366.58984
368.2473
369.65314
369.70187
367.97986
365.8424
363.61337
360.28906
355.95093
351.91333
346.5459
336.49518
323.29785
309.12024
298.1195
295.0221
295.28455
294.28253
297.83612
310.9077
327.71082
343.18488
354.17877
358.96005
362.2209
365.4654
365.54306
362.44586
359.31268
354.99435
345.41153
331.9539
316.69412
305.96692
307.49344
314.84
320.8123
329.2531
343.69672
360.78003
377.1462
388.83817
393.57068
396.4387
399.32294
398.93134
395.1468
391.00577
385.87946
376.4135
363.69293
349.7334
338.96045
336.8032
339.24905
341.6973
343.1526
342.50162
341.2597
340.2685
337.77066
330.40213
331.52527
332.03894
330.81046
328.6594
326.262
325.8733
329.96033
335.78796
341.07812
345.68912
349.27222
352.64825
355.60376
355.86673
353.1353
349.51422
346.82068
346.574
348.31158
350.35233
352.20566
353.8125
355.25104
356.76306
357.98206
358.50586
358.81085
359.21686
360.17908
362.09644
364.3851
366.24927
366.45135
364.7481
362.68857
360.3922
356.61475
351.64423
347.0339
340.91812
329.94562
316.14948
301.50082
290.73798
289.31097
291.38046
292.2312
297.56128
311.04645
327.6956
342.83316
352.74243
356.21997
358.344
360.27533
358.71808
354.06567
349.4103
343.8571
334.3111
322.07068
308.1922
299.38422
303.68674
313.38425
321.52786
331.5064
345.3717
361.0398
375.91977
386.1373
390.21246
392.82175
395.2426
394.4771
390.75592
386.81384
381.71982
372.47742
360.44012
347.30145
337.11633
334.82993
336.29108
337.37027
337.76834
336.83716
335.58435
334.30182
331.18396
327.63593
328.6877
328.95245
327.1289
324.32227
321.4521
321.03522
325.5216
331.82846
337.5468
342.51617
346.47894
350.3482
353.5639
353.49216
350.16907
345.98633
342.87714
342.45462
343.9608
345.64905
347.27744
348.89798
350.47272
352.08575
353.33044
353.77655
353.89343
354.1656
355.3308
357.75342
360.6139
362.90704
363.2359
361.53027
359.53082
357.13727
352.87592
347.25366
342.0409
335.17468
323.36145
308.96448
293.96417
283.69727
283.88788
287.69254
290.35184
297.3034
311.17792
327.70837
342.47845
351.1892
353.31906
354.36658
354.97766
351.71466
345.52655
339.41718
332.69574
323.35083
312.39844
300.08887
293.43387
300.24713
312.07184
322.24808
333.45044
346.67657
361.04834
374.6045
383.46326
386.84613
389.15173
391.13574
390.04913
386.42438
382.77344
377.94104
369.21387
358.1244
346.2492
337.06732
334.5951
334.95447
334.8056
334.33627
333.17303
331.8625
330.29352
326.66205
324.1925
325.294
325.4553
323.22052
319.87524
316.63983
316.33652
321.29233
328.0929
334.22824
339.5852
344.0059
348.425
351.8764
351.37128
347.4101
342.65253
339.09686
338.4708
339.76752
341.14014
342.5031
344.0683
345.7493
347.4599
348.67767
348.98444
348.92346
349.12457
350.53268
353.43613
356.86716
359.60413
360.02606
358.2936
356.3723
353.8722
349.06604
342.76056
336.96783
329.41605
316.80124
301.7224
286.52722
277.1056
278.8618
284.23804
288.65875
297.11792
311.29956
327.69595
342.07477
349.5232
350.2762
350.21454
349.4815
344.53467
336.77597
329.0915
321.2808
312.48218
302.9021
292.29932
288.0512
297.14893
310.9524
323.12982
335.3124
347.79578
360.87146
373.11365
380.66565
383.39697
385.395
386.92883
385.54938
382.04584
378.6692
374.0775
365.8487
355.6341
345.05783
336.82635
333.81207
332.8828
331.58734
330.31696
328.95145
327.72742
326.0792
322.0417
317.87216
319.2879
319.67026
317.59265
314.31476
311.28998
311.48398
316.85184
323.94635
330.36542
335.96365
340.64948
345.4673
349.1239
348.2487
343.74237
338.50565
334.69183
334.1163
335.3629
336.54156
337.89587
339.7677
341.76044
343.51544
344.59235
344.7249
344.4699
344.55402
346.17902
349.59622
353.64444
356.74533
357.11438
355.28867
353.412
350.70724
345.21362
338.17596
331.7908
323.4912
310.06845
294.34167
279.06415
270.6573
274.01035
280.94543
287.0973
296.90778
311.31177
327.60043
341.55408
347.68555
347.05057
345.8729
343.7793
337.14777
327.8017
318.52338
309.80444
301.79538
293.62915
284.8403
283.13068
294.42273
310.14325
324.20276
337.08704
348.73047
360.5396
371.49152
377.8269
379.94727
381.6068
382.71704
381.12045
377.75812
374.60742
370.25677
362.61053
353.33508
344.02936
336.607
332.91907
330.67853
328.27155
326.29037
324.79013
323.63544
321.82208
317.3019
308.80356
310.4472
311.04553
309.63574
307.25452
305.2068
306.22217
311.74084
318.7719
325.16592
330.41766
334.61493
339.1488
342.44144
340.91113
335.87778
330.29504
326.34503
325.87585
327.0885
328.19968
329.8108
332.26337
334.87308
337.0141
338.27246
338.4618
338.1858
338.3913
340.5417
344.68048
349.39725
353.02826
353.66983
352.03107
350.39343
347.66675
341.60956
333.8208
326.56
317.23145
303.07837
286.76178
271.39508
264.17828
269.35107
278.03796
285.91425
296.9134
311.4964
327.7104
341.1669
345.79626
343.6834
341.42712
337.9583
329.56476
318.6034
307.81268
298.30945
291.1787
284.49243
277.56128
278.43893
291.98657
309.64807
325.4532
338.75055
349.43805
360.0136
369.70682
374.89496
376.41687
377.73358
378.47357
376.7048
373.48383
370.5201
366.42218
359.45734
351.20636
343.08313
336.25598
331.83002
328.28934
324.80573
322.22748
320.6277
319.51227
317.51593
312.49182
299.11603
300.84814
301.7373
301.21082
299.94745
299.03113
300.88434
306.43335
313.20306
319.2656
323.72028
326.90308
330.47693
332.60956
329.84485
324.0494
317.91675
313.37347
312.47992
313.29398
313.91867
315.20404
317.7691
320.84622
323.56348
325.3149
325.8878
326.01306
326.73862
329.57275
334.38904
339.73398
344.05457
345.42444
344.61884
343.9125
341.85056
335.97784
328.2102
320.68777
310.8073
296.327
279.64685
264.37054
258.4248
265.08133
275.0711
284.44904
296.5973
311.48392
327.85168
341.02533
344.30475
340.7621
337.2868
332.27914
322.0107
309.26917
296.8819
286.71683
280.63223
275.4343
270.31442
273.86163
289.78168
309.49042
326.97025
340.37543
349.96576
359.3247
367.78214
371.88095
372.85098
373.83038
374.1869
372.26367
369.22922
366.44427
362.58612
356.3896
349.21744
342.1862
335.79208
330.5546
325.7262
321.2229
318.12964
316.4375
315.3697
313.2212
307.667
289.67004
291.5343
292.83142
293.1403
292.86057
292.96643
295.57343
301.13776
307.63702
313.33908
316.97913
319.06256
321.51385
322.3738
318.3149
311.51636
304.51117
299.1902
297.64166
297.68277
297.37463
298.05276
300.65656
303.97424
306.83563
308.74387
309.63922
310.1172
311.14685
314.23798
319.18964
324.63593
329.0448
330.90182
331.216
331.72394
330.6554
325.89703
319.60205
313.38638
304.274
290.38812
274.19238
259.66556
254.58386
261.11307
270.6271
280.1372
292.59174
307.49295
323.88232
336.80542
339.2775
335.14813
331.21954
325.26013
313.63123
299.54016
286.0158
275.6985
270.75372
266.86096
263.52438
269.72717
287.91153
309.70258
328.92453
342.37167
350.82217
358.8958
366.06104
369.07864
369.46072
369.9942
369.935
367.96527
365.15164
362.4875
358.8899
353.5483
347.4837
341.4136
335.2351
329.11826
323.02783
317.51147
313.99078
312.30206
311.29492
308.93958
302.78973
280.28406
282.31854
283.96564
285.0799
285.83893
286.97626
290.24402
295.77832
302.0809
307.46817
310.19446
311.08267
312.4813
312.2115
306.89542
299.00375
291.20172
285.3221
283.07782
282.17438
281.09045
281.57144
284.36505
287.8335
290.7395
292.69196
293.66638
294.1278
295.16785
298.3049
303.0869
308.14252
312.30807
314.6725
316.08084
317.52966
317.4192
314.26572
310.0058
305.58563
297.7722
285.0262
269.99127
256.77167
252.1644
257.2056
264.5219
272.31006
283.58752
297.5728
313.01834
324.9256
326.85547
323.30975
320.35156
314.76733
303.0722
288.87177
275.40247
265.8224
262.24152
259.73566
258.20667
266.44116
285.7671
308.4947
328.5743
341.83572
349.54248
356.82257
363.08304
365.3495
365.38586
365.65878
365.34924
363.44016
360.86658
358.38617
355.1969
350.7898
345.91672
340.82095
334.64862
327.43097
319.88263
313.2558
309.3921
307.75778
306.80145
304.24777
297.5
270.91278
273.1568
275.28052
277.30145
279.073
281.13477
284.94208
290.41595
296.52753
301.50253
303.2077
302.92395
303.3069
301.86963
295.2342
286.36533
277.96954
271.5042
268.4574
266.64685
264.90698
265.14764
267.9817
271.6491
274.7564
276.75092
277.6881
278.1629
279.30933
282.48358
287.0688
291.8295
296.0782
299.1761
301.62683
304.00574
304.99435
303.46725
301.01727
298.15173
291.50073
279.8357
266.01685
254.11209
249.77965
253.03743
257.68402
263.2173
272.95023
285.61047
299.49933
310.03644
311.70935
309.1521
307.31635
302.42303
291.32758
277.703
265.004
256.81815
255.00398
254.2401
254.57706
264.0313
282.90027
304.54773
323.60696
335.93375
343.4099
350.80206
356.95612
359.15704
359.46082
360.04175
359.81644
357.9608
355.56055
353.2992
350.55927
347.09387
343.44806
339.39722
333.52112
325.82358
317.47253
310.2487
306.23904
304.52454
303.463
300.60464
293.1092
261.50732
263.995
266.74377
269.67188
272.39203
275.34338
279.61877
284.99344
290.91983
295.46436
296.15247
294.753
294.05774
291.37927
283.56232
273.75812
264.60587
257.51337
253.79747
251.11465
248.57135
248.5238
251.54941
255.51186
258.7581
260.68048
261.6333
262.27203
263.54346
266.70532
271.11145
275.6756
279.97064
283.6931
287.2441
290.70447
292.81683
292.83154
292.20844
290.93616
285.38312
274.7293
262.12964
251.40527
247.05338
248.42773
250.54683
254.11018
262.55774
273.9858
286.34637
295.70712
297.40247
295.812
294.8004
290.34662
279.7681
266.64178
254.76521
248.25467
248.35196
249.35841
251.54752
261.9021
279.68683
299.46722
316.87158
328.07812
335.35663
342.8954
349.12543
351.5716
352.38095
353.45605
353.4495
351.60284
349.15796
346.8714
344.46045
341.881
339.28644
336.18457
331.3254
324.78583
317.48688
311.0874
307.54373
305.8418
304.7072
301.53467
293.21985
252.17213
254.90543
258.2197
262.02777
265.79373
269.6764
274.31195
279.5351
285.34393
289.47778
289.00586
286.38776
284.53668
280.55188
271.66852
260.92157
250.95345
243.31036
238.94644
235.36911
232.16017
232.1528
235.43854
239.50061
242.84367
244.83795
245.82455
246.41533
247.72282
250.98677
255.24428
259.44464
263.72256
268.26392
272.9851
277.46133
280.73395
282.38208
283.67307
283.9524
279.39874
269.7638
258.43265
248.76184
244.10608
243.5206
243.2284
244.87552
252.02533
262.28714
273.08496
281.14136
283.00766
282.58954
282.47757
278.4246
268.287
255.65053
244.6185
239.82611
241.8066
244.5751
248.53236
259.53442
276.21783
294.35385
310.36383
320.6584
327.6844
335.13547
341.27838
343.93927
345.21686
346.72208
346.89795
344.9933
342.3742
339.9984
337.95502
336.22296
334.54767
332.37274
328.86505
324.1834
318.87164
314.1796
311.66983
310.4289
309.63428
306.51758
297.89114
242.98886
246.10419
250.20354
255.14952
260.0857
264.8155
269.65695
274.68286
280.336
283.88422
282.04443
278.12433
275.01526
269.5796
259.64484
248.11205
237.43674
229.1134
223.8875
219.47311
215.81648
215.8297
219.22218
223.3953
226.8974
228.92018
229.84079
230.38396
231.77638
235.12112
239.23288
243.16467
247.68393
253.228
259.0646
264.5218
269.0358
272.3312
275.43353
277.19922
273.64722
265.0391
254.97847
246.21237
240.96713
238.31918
235.54863
235.23032
241.23318
250.38857
259.47656
266.2619
268.6251
269.542
270.26996
266.5507
256.84637
244.74905
234.5993
231.5546
235.46188
240.08032
245.67783
257.00034
272.5555
289.1657
303.76483
313.17624
320.1066
327.54993
333.5464
336.44177
338.27118
340.224
340.50415
338.4748
335.73218
333.37714
331.768
330.87778
330.1296
328.9563
326.79376
323.8199
320.37207
317.34308
315.90982
315.32184
314.9358
311.90793
303.38544
232.02115
235.42715
240.25682
246.08585
251.93362
257.4333
262.57056
267.59332
273.22952
276.43262
273.76627
268.9613
264.80994
258.17926
247.42075
235.22375
223.77869
214.6687
208.53595
203.12448
198.79236
198.78635
202.531
207.06519
210.70898
212.63
213.6181
214.41324
215.86931
219.10852
223.12512
226.9805
231.76672
238.21394
245.22076
251.77682
257.5196
262.40558
267.34155
270.6391
268.05066
260.42303
251.68538
243.72849
237.58649
232.73419
227.52768
225.33423
230.27194
238.26453
245.76419
251.68549
254.64673
256.7146
258.25104
254.93214
245.61234
233.94
224.7156
223.59169
229.47122
235.87387
242.96883
254.38614
268.68048
283.68237
296.91968
305.67294
312.5897
319.94345
325.8064
329.04532
331.4566
333.777
334.0932
331.97278
329.12244
326.7594
325.65112
325.69165
325.8675
325.69022
324.93558
323.69946
322.09686
320.667
320.15442
320.09735
320.0059
316.96448
308.5268
218.12457
221.20615
225.82814
231.51097
237.42488
243.14761
248.42001
253.53983
259.18774
262.34232
259.79675
255.13197
250.86903
244.0476
233.33978
221.1977
209.74957
200.67703
194.24802
188.07101
183.21193
183.4211
187.42513
191.9234
195.46513
197.27013
198.21136
198.99448
200.34833
203.36652
207.06308
210.59068
215.53915
222.92963
231.1419
238.87744
246.06084
252.75427
259.7024
264.57422
262.84348
256.16257
248.82088
241.51688
234.08633
226.85583
219.40405
215.46968
219.12766
225.86392
232.00185
237.20844
240.71313
243.92795
246.31326
243.33
234.3475
223.10854
214.87735
215.78415
223.67508
231.87799
240.39645
251.64258
264.50745
277.84302
289.75195
298.0383
304.95343
312.18573
318.0312
321.6369
324.58896
327.26044
327.59906
325.3709
322.3637
320.04785
319.6031
320.61346
321.67908
322.52573
323.27292
323.82794
324.10388
324.2616
324.53278
324.95105
325.23132
322.2173
313.7967
203.46481
205.88373
209.83414
214.91377
220.1712
225.23892
230.10564
235.04483
240.219
242.85614
240.59744
236.71188
232.98466
226.63138
216.91351
206.03821
195.81598
187.86276
182.10626
176.24976
171.78424
172.3088
176.08553
180.15553
183.42532
184.96443
185.60017
186.22714
187.54204
190.23834
193.32782
196.4346
201.54219
209.48428
218.28445
226.74762
235.08295
243.23965
251.74513
257.88202
256.9913
251.3436
245.48462
238.90187
230.17947
220.58484
210.96848
205.331
207.5516
212.8358
217.54437
222.16916
226.54578
231.1767
234.36526
231.54332
222.9574
212.24658
205.0375
208.0812
218.07964
228.2067
238.06807
248.81903
260.21863
271.9752
282.5313
290.38464
297.3743
304.57404
310.39117
314.2907
317.81036
320.87143
321.1748
318.7717
315.62042
313.44025
313.71924
315.6778
317.62146
319.54675
321.8562
324.22314
326.33722
327.9672
328.94452
329.8416
330.4668
327.39774
318.97552
188.8595
190.73529
194.21562
198.68314
203.17497
207.5842
211.96405
216.48384
221.00398
222.99252
220.89886
217.64034
214.29753
208.48985
200.04773
190.75838
181.99716
175.41696
170.78677
165.87244
162.28555
163.28752
167.0173
170.91885
174.00912
175.37796
176.02042
176.8128
178.22685
180.68927
183.39882
186.38763
191.54964
199.3461
207.89923
216.23041
224.57727
232.93582
241.86081
248.39583
247.93163
243.20908
238.69196
232.99132
223.96426
213.33551
202.7883
196.39365
197.46881
201.2273
204.58998
208.76498
213.73538
219.26396
222.97733
220.31708
212.13486
201.85443
195.60193
200.76076
212.79617
224.82571
235.97334
246.06104
255.89723
266.034
275.3097
282.8711
289.97934
297.10663
302.9054
307.18878
311.29962
314.65536
314.82776
312.25232
308.94116
306.8421
307.89148
310.8816
313.70483
316.71567
320.65222
324.87268
328.77536
331.79132
333.4481
334.79926
335.73267
332.6006
324.16418
174.02664
175.42877
178.44193
182.31348
186.23761
190.19101
194.02081
197.93323
201.90984
203.55351
201.62462
198.7795
195.81143
190.76103
183.56433
175.61899
168.26399
163.04407
159.46295
155.46344
152.75229
154.3229
158.15149
161.87209
164.82492
166.32256
167.21527
168.1886
169.72034
172.15575
174.71277
177.626
182.7638
190.32414
198.48807
206.39493
214.20204
222.05331
230.63803
236.7684
236.07329
231.85211
228.08823
223.00142
214.77676
205.0277
195.56827
189.98297
190.56616
193.19583
195.62234
199.17026
203.8457
209.3158
212.99767
210.42207
202.86087
193.34058
188.12854
194.80972
207.95613
220.9728
232.76979
242.13998
250.59834
259.36853
267.64252
274.97968
282.09937
289.1315
295.05835
299.78326
304.48047
308.22113
308.36758
305.6988
302.28052
300.38153
302.3724
306.41516
310.076
314.2453
319.9505
326.1303
331.83356
336.1521
338.4198
340.24377
341.45837
338.15387
329.62433
159.3894
160.16272
162.63455
165.98814
169.327
172.58643
175.78381
179.21298
182.62627
183.88728
182.1929
179.89087
177.47879
173.22882
167.22595
160.69084
154.84213
150.88837
148.17831
145.09627
143.29497
145.29474
149.05716
152.53612
155.38438
157.01077
158.08432
159.25871
160.95242
163.34784
165.7384
168.57379
173.72772
181.08829
188.88602
196.44667
203.836
211.17195
219.19928
224.76013
223.79703
219.89502
216.4909
211.85681
204.81848
196.5702
188.74033
184.34695
184.75508
186.59198
188.35553
191.3789
195.67996
200.81398
204.1246
201.68407
195.21698
187.10907
183.19247
190.62158
203.5953
216.10509
227.267
235.78488
243.42758
251.40486
258.94196
265.8904
272.823
279.64343
285.5044
290.42194
295.54327
299.65027
299.928
297.4885
294.36475
293.03992
296.1878
301.34534
305.9661
311.36914
318.59344
326.44684
333.7738
339.27063
342.29242
344.91077
346.67267
343.4093
335.08286
144.56955
144.74622
146.71912
149.44296
152.0921
154.78473
157.60503
160.716
163.5433
164.39659
163.08856
161.33452
159.26431
155.75198
151.08057
146.01666
141.51147
138.71704
136.94913
134.82068
133.87387
136.18958
139.92929
143.34592
146.08032
147.72806
149.01463
150.44418
152.20454
154.44958
156.70181
159.54117
164.67868
171.73811
179.16922
186.41461
193.33594
200.12634
207.59138
212.68445
211.70158
208.21722
205.24368
201.21248
195.33945
188.48277
182.0297
178.48732
178.60443
179.63556
180.81375
183.56042
187.65173
192.41422
195.42886
193.40509
188.18365
181.68625
179.2056
187.00232
199.27875
210.7321
220.76993
228.43985
235.4461
242.69305
249.52876
255.98483
262.48337
268.75433
274.18872
278.9981
284.0788
288.03375
288.41183
286.57837
284.1255
283.60956
288.0475
294.50674
300.3081
306.70224
314.4261
322.76837
330.75024
336.8067
340.49976
343.9944
346.41937
343.54266
335.89233
129.57819
129.38452
130.79565
132.7937
134.85272
137.14977
139.5034
142.02246
144.3158
144.97034
143.98325
142.6105
140.90932
138.37195
135.15057
131.4909
128.30566
126.75284
125.982994
124.79826
124.69636
127.25384
130.87534
134.14328
136.74619
138.50974
140.02496
141.5743
143.32797
145.47607
147.58548
150.32626
155.38611
162.24774
169.43355
176.35893
182.80539
189.13661
195.9899
200.47171
199.57355
196.66736
194.19897
190.77478
185.99911
180.55333
175.4697
172.60046
172.29227
172.53064
173.17271
175.62262
179.41092
183.77437
186.61485
185.14417
181.14316
176.36435
175.4165
183.29579
194.72119
205.28354
214.405
221.27544
227.50667
233.94597
240.11319
245.98886
251.87494
257.58273
262.60956
267.14093
271.9061
275.575
276.11884
274.90335
273.18228
273.64655
279.3465
287.01483
293.96484
300.9756
308.31262
315.99084
323.43787
329.10474
332.7697
336.41455
338.8069
335.92725
328.77472
113.73114
113.00392
113.78856
115.22336
116.75839
118.51529
120.355545
122.406296
124.35851
125.01778
124.40919
123.62997
122.715614
121.26386
119.40785
117.18364
115.35746
114.94484
115.05118
114.832855
115.59262
118.28761
121.67201
124.801674
127.41976
129.34189
131.01767
132.72086
134.57883
136.65762
138.55872
141.1497
146.17596
152.87607
159.71017
166.22862
172.26819
178.1797
184.28598
188.10034
187.45383
185.1854
183.14658
180.37357
176.7898
172.75598
168.92203
166.57498
165.84296
165.36377
165.4496
167.56577
171.107
175.13525
177.81879
176.99297
174.31754
171.349
171.85603
179.53123
190.02625
199.7788
207.98407
214.0015
219.48454
225.22488
230.71237
235.9444
241.2905
246.53935
251.15752
255.36234
259.86267
263.4243
264.19638
263.489
262.5865
264.23154
271.0773
279.76617
287.7719
295.21204
301.9586
308.72934
315.34546
320.3388
323.63568
327.0542
329.0758
325.88266
318.91278
101.38611
99.93689
100.0199
100.76103
101.42339
102.23581
103.34209
104.73053
105.896286
106.07227
105.48871
104.85741
104.18581
103.3605
102.68225
102.00514
101.62147
102.36243
103.539
104.46709
106.04423
108.857864
112.15112
115.30621
117.978226
120.038704
121.936844
123.86292
125.79064
127.743225
129.47137
131.98392
136.9478
143.39172
149.86359
155.99649
161.54883
166.96552
172.46228
175.8342
175.46815
173.74179
172.19643
170.28168
167.93716
165.24
162.54453
160.58588
159.3891
158.1525
157.68289
159.556
162.85147
166.4432
169.01709
169.04486
167.76814
166.46341
168.23418
175.65701
185.25229
194.15465
201.38864
206.59354
211.3635
216.32268
221.10626
225.82129
230.67734
235.34723
239.52121
243.52509
247.77684
251.12807
252.17148
252.11102
252.0954
254.90771
262.8729
272.6375
281.64154
289.3236
295.48676
301.5016
307.39606
311.7799
314.8142
318.1803
319.97437
316.5219
309.77338
98.75591
97.09508
96.634384
96.55514
96.31633
96.18584
96.27731
96.52139
96.49412
95.7234
94.482025
93.141754
91.92909
91.1179
90.83722
90.89574
91.37538
92.75442
94.49713
96.040955
97.95323
100.6098
103.583466
106.44838
108.89072
110.918945
112.87729
114.76245
116.48297
118.2103
119.832
122.322975
127.22151
133.4554
139.70068
145.52982
150.56596
155.52585
160.57797
163.57031
163.40094
162.24614
161.34595
160.34296
159.19608
157.87796
156.31897
154.55939
152.76024
150.77032
149.79893
151.45581
154.46643
157.581
160.13715
161.19406
161.4007
161.68066
164.56287
171.68372
180.37505
188.43726
194.73073
199.10806
203.10843
207.29199
211.46265
215.66068
219.9353
224.0988
227.98056
231.78267
235.7363
238.92517
240.40775
241.04086
241.83853
245.82777
254.95992
265.821
275.6912
283.43402
289.01727
294.30957
299.46994
303.30466
306.11072
309.33304
310.85986
307.27344
300.8742
100.85623
99.75824
99.458954
99.3107
99.04793
98.83272
98.63533
98.46484
98.04886
96.94668
95.38881
93.72632
92.28081
91.36789
90.782104
90.3134
90.365685
91.27897
92.500145
93.67349
95.1983
97.23838
99.48981
101.66366
103.52579
105.106415
106.68095
108.20509
109.49893
110.78798
112.055725
114.289795
118.95102
124.77411
130.4942
135.7873
140.2395
144.6156
148.98044
151.46277
151.46964
150.79013
150.36664
150.20786
150.35382
150.57887
150.16959
148.40646
145.90433
143.18333
141.66309
143.07777
145.9029
148.66783
151.26959
153.4351
155.24048
157.08975
160.87376
167.57072
175.41342
182.67137
188.001
191.49762
194.72522
198.21298
201.7594
205.34915
209.07751
212.83588
216.41156
219.92203
223.59772
226.7684
228.73413
229.98172
231.62543
236.90106
247.19609
259.11807
269.82147
277.53595
282.4524
286.96295
291.4383
294.83905
297.4059
300.4034
301.7115
298.11554
292.086
102.42949
102.07997
102.25404
102.52428
102.68956
102.77629
102.77516
102.80562
102.5862
101.596756
100.126396
98.62307
97.291245
96.30533
95.41154
94.44575
93.99611
94.40462
95.08826
95.796455
96.886215
98.41336
100.11569
101.74787
103.08716
104.17674
105.29521
106.42273
107.36743
108.246796
109.00668
110.71596
114.7233
119.72777
124.578705
129.02295
132.70905
136.29117
139.77722
141.70755
141.75122
141.23233
140.99652
141.43912
142.5195
143.8583
144.27664
142.44995
139.38501
136.04605
134.04689
135.23708
137.78273
140.11807
142.77347
146.00491
149.31519
152.58237
157.07574
163.3029
170.28879
176.65005
180.9812
183.65608
186.12042
188.82198
191.72833
194.82263
198.04163
201.28772
204.54562
207.89682
211.34644
214.46234
216.92426
218.88855
221.41461
227.9141
239.38838
252.44966
263.97375
271.51376
275.65796
279.43045
283.2574
286.1812
288.5249
291.38715
292.49762
288.85806
283.21045
103.99429
104.26938
104.83274
105.453705
105.92576
106.16562
106.25186
106.396484
106.261
105.27321
103.82536
102.40689
101.085724
99.92441
98.81299
97.73897
97.19405
97.42726
97.898895
98.40095
99.23964
100.42981
101.770905
103.037
103.99281
104.72095
105.481674
106.26031
106.948235
107.58469
108.090675
109.480644
112.85101
117.06726
121.15224
124.81183
127.79558
130.72238
133.52426
134.98306
134.97153
134.55826
134.45885
135.13696
136.45422
138.07861
138.75829
136.98538
133.8872
130.55325
128.57053
129.62068
131.78688
133.69107
136.34625
140.18051
144.33089
148.46304
153.32716
159.05637
165.24673
170.81561
174.273
176.16092
177.88309
179.8377
182.15195
184.71423
187.2944
189.9519
192.87836
195.98328
199.06293
202.09637
205.15628
207.91946
211.34412
219.15686
231.97086
246.29242
258.58423
265.76016
269.0954
272.11462
275.2105
277.68472
279.85968
282.49414
283.27997
279.6984
274.56476
105.64242
106.52509
107.481445
108.43989
109.2101
109.61091
109.78229
110.00105
109.890915
108.91411
107.52844
106.18465
104.84134
103.51611
102.20294
100.95906
100.23459
100.24133
100.47236
100.73941
101.27493
102.07591
103.01352
103.87649
104.42355
104.77396
105.16489
105.5969
106.023285
106.44066
106.81617
108.037964
110.92093
114.48219
117.893234
120.882706
123.30589
125.69753
127.911865
129.00317
129.03732
128.79114
128.82718
129.64789
131.04575
132.71472
133.466
131.89911
129.20493
126.46863
124.997826
126.1265
128.15704
129.99417
132.67795
136.54721
140.74374
144.98932
149.77292
155.06606
160.72876
165.74356
168.5203
169.77776
170.97147
172.41647
174.19983
176.15916
178.14847
180.30539
182.77765
185.40936
188.04962
190.97952
194.36996
197.56593
201.70193
210.62288
224.33682
239.54279
252.44144
259.20087
261.81335
264.2093
266.79144
269.1034
271.24356
273.68277
274.33823
271.10986
266.52792
107.41492
108.85632
110.15407
111.434784
112.511665
113.05641
113.27997
113.57353
113.52118
112.574
111.22296
109.938065
108.60121
107.13437
105.58815
104.148346
103.266464
103.05414
103.01411
103.00479
103.233215
103.66756
104.20603
104.660706
104.802826
104.77788
104.79785
104.889854
105.06249
105.25262
105.4489
106.42503
108.75826
111.63387
114.38255
116.72543
118.56553
120.378296
122.05095
122.88557
122.97319
122.8186
122.97398
124.01207
125.5804
127.30911
128.1408
126.88597
124.69553
122.59628
121.71402
123.04957
125.08888
127.009995
129.76547
133.56451
137.60857
141.67365
146.2121
151.17688
156.45145
160.97566
163.23189
164.14516
165.0669
166.18593
167.6368
169.2732
170.94183
172.7828
174.94312
177.27173
179.67014
182.43875
185.70543
188.79614
193.08173
202.13722
215.45587
230.317
242.93002
249.0227
251.13783
253.33247
255.74582
257.97498
260.16925
262.6034
263.2965
260.49493
256.54437
109.26722
111.20726
112.84018
114.490944
115.86621
116.513565
116.803314
117.19499
117.17737
116.231155
114.923416
113.70361
112.32337
110.65871
108.88512
107.28424
106.254715
105.81102
105.50069
105.232956
105.15132
105.20221
105.34296
105.39924
105.13841
104.73439
104.38498
104.14364
104.06334
104.03337
104.053955
104.75592
106.51635
108.72725
110.844185
112.52013
113.7222
114.9624
116.1649
116.772385
116.87695
116.82483
117.14215
118.37517
120.07477
121.824165
122.73079
121.8477
120.17012
118.63919
118.276596
119.77371
121.79307
123.77396
126.6046
130.37988
134.33884
138.29953
142.61511
147.21307
152.09077
156.17776
157.9906
158.61423
159.31314
160.20169
161.45618
162.88791
164.31775
165.95764
167.96127
170.09796
172.28973
174.90547
178.0429
180.9588
185.065
193.60698
205.76175
219.2164
230.3993
235.37146
237.06998
239.06088
241.09302
242.98727
245.0529
247.19728
247.51068
244.91275
241.66055
111.23564
113.68411
115.665535
117.678406
119.314026
120.039505
120.38339
120.815834
120.77916
119.85869
118.634735
117.46582
116.00598
114.15
112.18878
110.42517
109.21379
108.543076
107.98949
107.45776
107.02757
106.67639
106.42198
106.08329
105.42322
104.64116
103.92879
103.3672
103.044754
102.79918
102.61722
103.00221
104.19659
105.74887
107.18728
108.179085
108.78954
109.45441
110.130104
110.53015
110.75294
110.86948
111.32384
112.70785
114.557526
116.39208
117.40407
116.89163
115.75191
114.79189
114.88844
116.50372
118.51492
120.58127
123.46784
127.16268
131.04001
134.93039
138.98068
143.15286
147.65588
151.34973
152.69014
152.95651
153.43204
154.12689
155.13824
156.27151
157.45859
158.92352
160.70616
162.5649
164.53809
167.05443
170.11673
172.93436
176.8905
184.83237
195.68027
207.4936
217.08182
220.90182
222.04657
223.59622
225.13753
226.64517
228.32782
229.89264
229.7095
227.18024
224.25868
113.22237
116.076004
118.3664
120.71834
122.633896
123.49462
123.92773
124.4366
124.44709
123.58221
122.40195
121.229866
119.67098
117.621994
115.4115
113.409744
111.99873
111.10196
110.30043
109.48962
108.71832
107.9996
107.37138
106.65683
105.63455
104.49514
103.42421
102.55365
101.990486
101.52458
101.1202
101.1608
101.773766
102.64462
103.41997
103.79563
103.8472
103.89889
104.066345
104.37413
104.748985
104.97957
105.54911
107.103455
109.10326
110.990555
112.11669
112.0212
111.4326
110.99663
111.505325
113.252655
115.26279
117.37225
120.28801
123.9233
127.722435
131.47882
135.22548
139.03052
143.15129
146.37718
147.27016
147.25082
147.5153
147.96214
148.70543
149.59473
150.56348
151.79706
153.33934
154.97833
156.79517
159.19672
162.11757
164.85178
168.68228
175.91571
185.35048
195.59073
203.80023
206.60324
207.1487
208.3153
209.52162
210.61896
211.82616
212.9366
212.47604
209.93549
207.0484
114.88754
117.81387
120.26984
122.834946
124.97277
126.10697
126.84783
127.61034
127.78699
127.06933
126.04851
124.97187
123.38109
121.21426
118.85858
116.73352
115.15978
113.98688
112.894615
111.77464
110.57042
109.333374
108.17882
106.93033
105.385345
103.79306
102.356094
101.20078
100.4082
99.73374
99.112305
98.786835
98.80196
99.01561
99.18479
98.99936
98.53172
98.03553
97.83121
98.17054
98.699974
99.054184
99.79826
101.49707
103.590454
105.5334
106.8428
107.20261
107.14008
107.22781
108.14467
110.00442
112.00484
114.15054
117.11665
120.73007
124.43545
128.03394
131.4963
134.94226
138.60219
141.30327
141.85167
141.60997
141.60591
141.79146
142.32468
142.99052
143.68726
144.66248
145.99931
147.44199
149.05838
151.31647
154.15486
156.86118
160.48056
166.85724
174.92838
183.56543
190.20403
192.11707
192.31427
193.112
193.8807
194.56403
195.39078
196.11694
195.32008
192.75327
190.0748
116.21823
118.94177
121.36565
123.87977
126.05437
127.522415
128.72504
129.86385
130.35342
130.01099
129.4299
128.70465
127.36854
125.45724
123.35058
121.41153
119.890045
118.63182
117.407135
116.06641
114.46342
112.74272
111.06905
109.24817
107.11449
105.003746
103.17369
101.688896
100.58668
99.62585
98.681366
97.82091
97.05486
96.42636
95.736374
94.63873
93.276855
91.8626
90.88583
90.90954
91.490875
92.096664
93.15816
95.08972
97.37285
99.52857
101.157074
102.033005
102.5912
103.29521
104.63301
106.623
108.668976
110.90204
113.931625
117.4992
121.127075
124.60173
127.73759
130.76294
133.95303
136.1466
136.36081
135.87102
135.60632
135.5828
135.88824
136.27106
136.71187
137.48828
138.5942
139.77386
141.19987
143.3681
146.11475
148.75668
152.12347
157.5528
164.20566
171.14966
176.20773
177.43317
177.34338
177.66006
177.99588
178.3674
178.79669
179.04893
177.96796
175.50085
173.00986
117.43506
119.92539
122.25479
124.63925
126.82342
128.62418
130.28061
131.82265
132.71371
132.83322
132.74284
132.478
131.60666
130.21193
128.59851
127.087746
125.96895
125.03936
124.0477
122.85222
121.31088
119.60688
117.86221
115.907715
113.62729
111.252945
109.07918
107.3592
106.14432
105.05859
103.89003
102.67048
101.401886
100.152466
98.67926
96.59227
94.149445
91.633194
89.61303
88.781975
88.81717
89.17768
90.04808
91.72603
93.76251
95.71468
97.23578
98.202896
99.017426
99.99312
101.42814
103.31283
105.23216
107.39029
110.35219
113.86787
117.52017
120.90671
123.68279
126.31846
129.09682
130.80403
130.66835
129.94943
129.48224
129.24016
129.28052
129.42387
129.68678
130.29391
131.19241
132.13133
133.39313
135.49113
138.12296
140.7084
143.81262
148.20189
153.34836
158.68796
162.38145
162.92485
162.41357
162.31837
162.29985
162.23119
162.21628
162.06226
160.80238
158.40746
155.93393
118.61377
120.92686
123.19512
125.49345
127.75089
129.90509
132.01752
133.96326
135.2255
135.74835
136.09776
136.29132
135.88776
134.9958
133.93468
132.98694
132.37636
131.85184
131.2426
130.42296
129.15057
127.61864
126.0364
124.22692
122.03443
119.591324
117.31534
115.82327
115.06859
114.35297
113.521835
112.7349
111.906685
111.0278
109.73225
107.57869
104.958916
102.25528
99.953995
98.491196
97.542816
96.82761
96.66403
97.34508
98.421234
99.42176
100.04376
100.27152
100.46874
100.89794
101.773254
103.03074
104.35674
105.99965
108.48595
111.59125
114.90234
117.91133
120.24292
122.43651
124.69139
125.85044
125.35894
124.372185
123.59579
123.02631
122.73115
122.524315
122.41453
122.69158
123.37209
124.105484
125.19697
127.269745
129.88905
132.47922
135.21622
138.41925
142.08936
145.91565
148.25784
148.15541
147.38806
146.98477
146.5311
145.9974
145.6694
145.1735
143.67068
141.35002
138.9837
119.7708
121.93175
124.13215
126.34535
128.69943
131.22272
133.80121
136.1495
137.77396
138.71512
139.53745
140.18454
140.22745
139.85324
139.38626
138.97394
138.74829
138.5654
138.33484
137.79472
136.62567
135.20511
133.80667
132.08115
129.87555
127.43172
125.3132
124.2896
124.13971
124.01529
123.88488
123.87266
123.77352
123.713005
123.17414
121.41518
119.03119
116.63701
114.48735
112.70525
110.96017
109.317345
108.43856
108.45795
108.76943
108.94651
108.71681
108.09594
107.4094
106.992325
107.1179
107.60491
108.11871
108.95705
110.56778
112.65773
114.8863
116.97596
118.66235
120.28764
121.90361
122.525444
121.75638
120.54872
119.50016
118.675735
118.07837
117.48471
116.94849
116.80385
117.094284
117.43731
118.21678
120.12375
122.542564
124.89743
127.06134
128.97044
131.04309
133.16745
134.01614
133.14249
131.85773
130.7006
129.54016
128.61078
127.94667
127.05735
125.44426
123.349396
121.114876
120.90382
122.92798
125.039375
127.184845
129.69632
132.61069
135.6297
138.37787
140.4025
141.78918
143.05772
144.12625
144.64429
144.8085
144.87534
144.94066
145.116
145.34018
145.48917
145.15637
144.10812
142.8771
141.63626
139.93347
137.74759
135.36584
133.38336
132.7229
133.11757
133.58888
134.03967
134.61719
135.19449
135.8923
135.93346
134.3265
132.02391
129.93097
127.81604
125.544044
123.22592
121.18689
119.99898
119.62022
119.491066
119.23422
118.4016
117.03343
115.597984
114.49416
113.94544
113.677185
113.41681
113.45772
114.08683
115.0161
116.037315
117.13342
118.197586
119.3349
120.425125
120.69052
119.89795
118.78166
117.80567
117.08162
116.55859
116.0188
115.501175
115.195496
115.087944
114.94524
115.26051
116.67079
118.54421
120.357864
121.84171
122.723885
123.51761
124.25877
123.928276
122.28087
120.25807
118.244705
116.37941
114.91356
113.634384
112.20925
110.373085
108.16927
105.72116
122.01851
123.91283
125.93692
128.04326
130.75537
134.06876
137.52142
140.66814
143.07394
144.8797
146.58627
148.10626
149.1079
149.77252
150.38083
150.99588
151.60236
152.18341
152.68867
152.62778
151.7543
150.63391
149.45291
147.80124
145.65927
143.24677
141.34895
141.14516
142.17398
143.21808
144.20953
145.43985
146.8059
148.20015
148.6521
147.2427
145.16266
143.32861
141.13185
138.3681
135.5445
133.04031
131.32088
130.43411
129.87083
129.11285
127.56154
125.41005
123.26168
121.44493
120.13064
119.08598
118.1129
117.39023
117.03795
116.8998
116.901764
117.170906
117.72656
118.45791
119.104294
119.1293
118.46139
117.58319
116.81883
116.35605
116.120026
115.88399
115.59448
115.273125
114.94214
114.55567
114.59282
115.568146
116.96318
118.30713
119.316696
119.79648
120.20065
120.49695
119.852264
118.16765
116.18939
114.24488
112.38664
110.65322
108.93219
107.109
105.02536
102.675156
100.087944
123.04798
124.84407
126.79643
128.88905
131.8389
135.57256
139.47426
143.02422
145.7966
148.02945
150.21083
152.19409
153.66074
154.84894
156.03561
157.14964
158.11911
159.03232
159.86154
160.04027
159.30139
158.28638
157.22781
155.65363
153.51427
151.0601
149.35982
149.72348
151.33963
152.92038
154.57713
156.53873
158.56241
160.51367
161.39676
160.28387
158.4064
156.65503
154.3227
151.13829
147.7143
144.64139
142.47586
141.18166
140.17769
138.84369
136.57181
133.7292
130.87018
128.26927
126.20653
124.43929
122.7361
121.19285
119.84729
118.64101
117.62004
117.09043
117.14108
117.42998
117.63338
117.46354
116.91428
116.22282
115.63629
115.40883
115.4149
115.43003
115.299484
114.8981
114.38978
113.891464
113.79972
114.49321
115.52767
116.50729
117.21787
117.56151
117.88521
118.09303
117.54642
116.2605
114.778046
113.34798
111.99145
110.62703
109.17417
107.67522
106.16318
104.54976
102.72831
124.15706
125.81801
127.62783
129.68393
132.9401
137.18805
141.60883
145.63641
148.84082
151.53271
154.18028
156.60492
158.56409
160.30298
161.99844
163.5051
164.82382
166.1138
167.20622
167.49347
166.86578
166.0318
165.10701
163.54434
161.43182
158.99927
157.4462
158.31558
160.54483
162.6795
164.93948
167.55164
170.22797
172.81912
174.1261
173.20091
171.51736
169.94559
167.49559
163.76233
159.70111
156.21033
153.68893
151.90369
150.42418
148.59387
145.60063
141.98035
138.39093
135.07497
132.293
129.75836
127.270164
124.869514
122.53102
120.251465
118.21198
116.93232
116.49466
116.33081
116.12573
115.81534
115.389305
114.88118
114.494675
114.508514
114.74628
115.00372
115.0173
114.508194
113.79414
113.153046
112.893234
113.26918
113.911316
114.52095
114.93689
115.08039
115.20778
115.26021
114.79027
113.822525
112.708725
111.6646
110.80136
110.00789
109.103645
108.29645
107.824005
107.38591
106.761536
126.31858
127.69741
129.20293
131.06665
134.34747
138.733
143.32797
147.59238
151.10188
154.17706
157.24786
160.14372
162.67526
165.05356
167.39291
169.51212
171.41891
173.3065
174.91055
175.54831
175.17285
174.46545
173.52927
171.91255
169.76385
167.2124
165.74232
167.21866
170.14401
172.78766
175.57422
178.83733
182.24307
185.44107
187.0069
186.21906
184.82031
183.37814
180.62466
176.37881
171.79459
167.78333
164.78323
162.53116
160.59444
158.21104
154.44371
150.00491
145.70575
141.71838
138.19455
134.88565
131.64926
128.39752
125.041626
121.6783
118.661285
116.70066
115.803024
115.17952
114.581024
114.17284
113.89938
113.5747
113.37878
113.63261
114.11373
114.60091
114.71857
114.08923
113.18147
112.391495
111.93663
111.98543
112.249405
112.49722
112.6065
112.54972
112.50986
112.43709
112.065414
111.42886
110.69664
110.05148
109.67055
109.38832
108.973495
108.81849
109.31759
109.95857
110.39015
129.86823
130.92252
132.05179
133.54279
136.28152
139.95789
143.85745
147.61218
150.9133
154.00357
157.18027
160.28506
163.18515
166.05017
168.94809
171.7276
174.35999
176.99261
179.33295
180.62686
180.79251
180.48096
179.8487
178.51013
176.59164
174.18707
173.13557
175.47784
179.19087
182.48988
186.04036
190.14914
194.4536
198.39633
200.48349
200.07164
198.8786
197.35739
194.1695
189.40404
184.19684
179.50385
176.02164
173.32642
170.88255
167.84018
163.25192
158.01671
152.9655
148.24104
143.99036
139.94858
135.95389
131.80606
127.415085
122.97206
118.99533
116.393326
115.04767
113.94614
112.9762
112.535034
112.433846
112.274994
112.267426
112.774216
113.51288
114.21563
114.40027
113.64087
112.54973
111.59991
110.931885
110.65243
110.53723
110.41928
110.24002
110.006004
109.7912
109.59374
109.36516
109.09129
108.73059
108.479034
108.59622
108.830536
108.92682
109.478874
110.959625
112.6649
114.143814
133.81526
134.5638
135.31134
136.37308
138.35379
140.96725
143.74406
146.54527
149.23114
151.90576
154.69586
157.50507
160.24826
162.99957
165.84529
168.78134
171.74765
174.77075
177.51135
179.2128
179.92828
180.38956
180.57585
179.99796
178.87431
177.3064
177.08475
180.22406
184.65536
188.70622
193.03146
197.85736
202.9758
207.73393
210.51376
210.70163
209.99469
208.77805
205.55026
200.54803
195.06813
190.16653
186.53671
183.54605
180.77045
177.29306
172.01294
166.00285
160.18622
154.65941
149.55948
144.67876
139.81903
134.68802
129.23611
123.68276
118.72436
115.525986
113.790665
112.24529
110.97673
110.62918
110.792946
110.870346
111.138695
111.95053
112.95174
113.84917
114.06947
113.1686
111.89728
110.78424
109.89619
109.281075
108.77549
108.30609
107.87846
107.46134
107.03513
106.740486
106.72411
106.82677
106.817535
106.96616
107.59741
108.34532
108.96626
110.26651
112.738686
115.50731
118.0379
137.651
138.0494
138.42296
139.04202
140.25346
141.84874
143.56161
145.43713
147.48944
149.65126
151.88182
154.19537
156.57062
158.9709
161.49344
164.31473
167.39618
170.62527
173.552
175.45047
176.5542
177.61896
178.45633
178.56136
178.21759
177.58052
178.20497
181.7804
186.48682
190.88174
195.43988
200.30673
205.46387
210.26358
213.09348
213.70587
213.84886
213.4151
210.66682
206.12395
201.19534
196.78204
193.53798
190.84561
188.2313
184.76501
179.40096
173.25758
167.25397
161.36055
155.67708
150.19263
144.70396
138.78485
132.37424
125.74358
119.87187
116.0417
113.69519
111.44846
109.639694
109.086044
109.14789
109.14244
109.380035
110.20723
111.418526
112.58226
112.87619
111.902725
110.5358
109.33371
108.283485
107.39172
106.5679
105.8264
105.22397
104.689255
104.13223
103.83476
104.09413
104.58873
104.9593
105.53708
106.670204
107.91991
109.08742
111.18417
114.69414
118.53526
122.07854
141.388
141.42386
141.48448
141.64215
142.0133
142.5788
143.26208
144.26288
145.73576
147.41205
149.12033
151.0004
153.08536
155.22029
157.50182
160.31548
163.62859
167.12346
170.25198
172.4017
173.89792
175.35837
176.58685
177.22281
177.49982
177.62
178.9718
182.8236
187.56941
192.04565
196.55963
201.1554
205.93466
210.32878
212.90857
213.73566
214.4237
214.466
212.112
208.12982
203.8584
200.04956
197.39764
195.26929
193.03891
189.91211
185.13824
179.71371
174.34421
168.93951
163.5725
158.27377
152.82558
146.7828
140.1029
133.04083
126.75772
122.58218
119.73759
116.83042
114.3627
113.22763
112.69786
112.106674
111.848434
112.36467
113.57215
114.72814
114.67676
113.21258
111.41002
109.746765
108.1147
106.59056
105.15398
103.8019
102.65168
101.68265
100.67778
100.088646
100.59343
101.63136
102.539825
103.701416
105.445786
107.275055
109.08846
112.081
116.651505
121.55902
126.13863
145.0953
144.75876
144.49573
144.17287
143.66937
143.17908
142.84116
143.00471
143.91226
145.09457
146.31537
147.80879
149.59795
151.41891
153.48027
156.36595
159.90054
163.60812
166.9444
169.38383
171.28928
173.15732
174.83038
176.07388
177.02957
177.90953
179.94992
184.08133
188.9267
193.53664
198.03494
202.41406
206.91525
211.04044
213.51956
214.5556
215.54796
215.79669
213.65192
210.0466
206.24747
202.95511
200.82916
199.14252
197.27051
194.6029
190.59613
186.03828
181.4796
176.8867
172.2663
167.5686
162.61139
157.04237
150.88794
144.27426
138.39009
134.75137
132.33054
129.62743
127.21519
125.927956
125.09123
124.104965
123.681725
124.396935
125.673256
126.48404
125.70757
123.23872
120.35849
117.61618
114.94864
112.441986
109.97457
107.6094
105.58004
103.840645
101.99701
100.60615
100.73587
101.66756
102.49483
103.69937
105.61408
107.64587
109.80691
113.50973
119.03551
124.94518
130.4707
148.84225
148.07953
147.45032
146.60431
145.1958
143.63629
142.30228
141.6706
142.02298
142.72263
143.46994
144.56726
146.05148
147.56812
149.42862
152.40884
156.16846
160.10147
163.70175
166.45277
168.74052
171.01999
173.16049
175.01978
176.65503
178.27347
180.9682
185.37514
190.33359
195.06061
199.4946
203.63863
207.87485
211.75041
214.1607
215.43077
216.76965
217.28922
215.39526
212.18555
208.9121
206.16064
204.50163
203.21634
201.73471
199.5549
196.2416
192.45905
188.69478
184.82883
180.7891
176.68753
172.3794
167.42735
161.9126
155.9932
150.93053
148.20883
146.50076
144.46432
142.66382
141.50177
140.46808
139.38544
139.2955
140.66139
142.40714
143.37906
142.39905
139.2576
135.46915
131.94003
128.72336
125.65299
122.43975
119.48256
117.16669
115.13894
112.91897
110.93855
109.93939
109.40807
108.873184
108.986786
110.06383
111.33531
113.02948
117.01941
123.39377
130.22949
136.52107
152.49153
151.31067
150.3451
148.92561
146.57596
143.94806
141.63693
140.25157
140.06506
140.25851
140.51997
141.25804
142.47514
143.70435
145.36725
148.45602
152.50778
156.67755
160.48987
163.55145
166.25604
168.9603
171.56613
174.0459
176.37534
178.72336
182.02875
186.69133
191.76541
196.5878
200.92822
204.83038
208.78622
212.42142
214.82208
216.35376
218.02972
218.81392
217.1864
214.40178
211.66237
209.43842
208.24237
207.37564
206.29109
204.59572
201.99677
199.05222
196.10196
192.90877
189.43549
185.96783
182.28937
177.89937
172.98616
167.73344
163.38795
161.34244
160.20651
158.80496
157.46765
156.23787
154.94351
153.82184
154.0408
155.92017
158.36212
159.94827
158.88861
155.2836
151.12149
147.28835
143.75516
140.3212
136.7641
133.58893
131.27051
129.26358
127.127205
124.920395
122.69887
120.49217
118.494415
117.36636
117.31633
117.40406
118.30711
122.58435
129.88934
137.70007
144.88712
156.15924
154.54733
153.16797
151.06258
147.70358
143.95547
140.64125
138.54343
137.85709
137.54462
137.34946
137.80191
138.78027
139.70148
141.22176
144.5163
148.86969
153.23807
157.25731
160.6671
163.8063
166.93604
170.04623
173.17795
176.20084
179.24988
183.11209
188.00087
193.2041
198.12582
202.34192
205.98311
209.66063
213.07828
215.51306
217.3254
219.32309
220.36905
219.04395
216.69652
214.48688
212.80542
212.07333
211.62032
210.93387
209.7392
207.89409
205.77982
203.5379
200.99306
198.16742
195.28665
192.12903
188.31703
184.11603
179.54626
175.82254
174.45227
173.9902
173.15457
172.08334
170.8124
169.38919
168.23068
168.75473
171.25507
174.43796
176.4281
174.99734
170.85986
166.42346
162.21832
158.17857
154.35028
150.50615
147.03687
144.54326
142.52777
140.44153
137.82916
134.45836
130.96536
127.873856
125.72766
124.676445
123.67164
123.9169
128.67459
137.04129
145.93878
154.13562
